475 475 475 475 475 475 475 475 475 475 475 475 475 475 475 475 475 475 475 475 475 475 475 475 475 475 475 475 475 475 475 10 475 475 475 475 475 475 475 475 475 20 475 475 475 475 475 475 475 475 
475 475 475 30 475 475 475 475 475 475 475 475 475 475 475 475 475 475 475 475 475 475 475 475 475 475 475 475 475 475 475 475 475 475 475 40 475 475 475 475 475 475 475 475 475 50 475 475 475 475 
475 475 475 475 475 475 475 475 475 475 475 475 475 475 475 475 475 475 475 475 475 475 475 60 475 475 475 475 475 475 70 475 475 475 475 475 80 475 475 475 475 475 475 475 475 475 475 475 475 475 
475 475 475 475 90 475 475 475 475 475 475 475 475 475 475 475 475 475 475 475 475 475 475 475 475 475 475 475 475 100 475 475 475 475 475 110 475 475 475 475 475 475 475 475 475 475 475 475 475 475 
475 475 475 475 475 475 475 120 475 475 475 475 475 475 475 475 475 475 475 475 475 475 475 475 475 475 475 475 475 475 475 475 475 475 475 475 475 475 475 475 475 475 475 475 475 475 475 475 475 475 
475 475 475 475 475 475 475 475 130 475 475 475 475 475 475 475 475 475 475 475 475 475 475 475 475 475 475 475 475 475 475 475 475 475 475 475 475 475 475 475 475 475 475 475 475 475 475 475 475 475 
475 475 475 475 475 140 475 475 475 475 475 475 475 475 475 475 475 475 475 475 150 475 475 475 475 475 475 475 475 475 475 475 475 475 475 475 475 475 475 475 475 475 475 475 475 475 475 475 475 475 
475 475 475 475 475 475 475 475 475 475 475 475 475 475 475 475 475 475 475 475 475 475 475 475 475 475 475 475 475 475 475 475 475 475 475 475 475 475 475 475 475 475 475 475 160 475 475 475 475 475 
475 475 475 475 475 475 475 475 475 475 475 475 475 475 475 475 475 475 475 475 475 475 475 475 170 475 475 475 475 180 475 475 475 475 475 475 475 475 475 475 475 475 475 475 475 475 475 475 475 475 
475 475 475 475 475 475 475 475 475 475 475 475 475 475 475 475 475 475 475 475 475 475 475 475 475 475 475 475 475 475 475 475 475 475 475 475 475 475 190 475 475 475 475 475 475 475 475 475 475 475 
475 475 475 475 475 475 475 475 475 475 475 475 200 475 475 475 475 475 475 475 475 475 475 475 475 475 475 475 475 475 475 475 475 475 475 475 475 475 475 475 475 475 475 475 475 475 210 475 475 475 
475 475 475 475 475 475 475 475 220 230 475 475 475 475 475 475 475 475 475 475 475 475 475 475 475 475 475 475 475 475 475 240 475 250 475 475 475 475 475 475 475 475 475 475 475 475 475 475 475 475 
475 475 475 475 475 475 475 475 475 475 475 475 475 475 475 475 475 475 475 475 475 475 475 475 475 475 475 475 475 475 475 475 475 475 475 475 475 475 475 475 475 475 475 475 475 475 475 475 475 475 
260 475 475 475 475 475 270 475 475 475 475 475 475 475 475 475 475 475 475 280 475 475 475 475 475 475 475 475 475 475 475 475 475 475 475 475 475 475 475 475 475 290 475 475 475 475 475 475 475 475 
475 475 475 475 475 475 475 475 475 475 475 475 475 475 475 475 475 475 475 475 475 475 475 475 475 475 475 475 475 475 475 475 475 475 475 475 475 475 475 475 475 475 475 475 475 475 475 475 475 475 
475 475 475 475 475 475 475 475 475 475 475 475 475 475 475 475 475 475 475 475 475 475 475 475 475 475 475 475 475 475 475 475 475 475 300 475 475 475 475 475 475 475 475 475 475 475 475 475 475 475 
475 475 475 475 475 475 475 475 475 475 475 475 475 475 475 475 475 475 475 475 475 475 475 475 475 475 475 475 475 475 475 475 310 475 475 475 475 475 475 475 475 475 475 475 475 475 475 475 475 475 
475 475 475 475 475 475 475 475 475 475 475 475 475 475 475 475 475 475 475 475 320 475 475 475 475 475 475 475 475 475 475 475 475 475 475 475 475 475 475 475 475 475 475 475 475 475 475 330 475 475 
475 475 475 475 475 475 475 475 475 475 475 475 475 475 475 475 475 475 475 475 475 475 475 475 475 475 475 475 475 475 475 475 475 475 475 475 475 475 340 475 475 475 475 475 475 475 350 475 475 475 
475 475 475 475 475 475 475 475 475 360 475 475 475 370 475 475 475 475 475 475 475 475 475 475 475 475 475 475 475 475 475 475 475 475 475 475 475 475 475 475 380 475 475 475 475 475 475 475 475 475 
475 475 475 475 475 475 475 475 475 475 475 475 475 475 475 475 475 475 475 475 475 475 475 475 475 475 475 475 475 475 475 475 475 475 475 475 475 475 475 475 475 475 475 475 475 475 475 475 475 475 
475 475 475 475 475 475 475 475 475 475 475 475 475 475 475 475 475 475 475 475 475 475 475 475 475 475 475 475 475 390 475 475 475 475 475 475 475 475 475 475 475 475 475 475 475 475 475 475 475 475 
475 475 475 475 475 475 475 475 475 475 475 475 475 475 475 475 475 475 475 475 475 475 475 475 475 475 400 475 475 475 475 475 475 475 475 475 475 475 475 410 475 475 475 475 475 475 475 475 475 475 
475 420 475 475 475 475 430 475 475 475 475 475 475 475 475 475 475 475 475 475 475 475 475 475 475 475 475 475 475 475 475 475 475 475 475 475 475 475 475 475 475 475 475 475 475 475 475 475 475 475 
475 475 475 475 475 475 475 475 475 475 475 475 475 475 475 475 475 475 475 475 475 475 475 475 475 475 475 475 475 475 475 475 475 475 475 475 475 475 475 475 475 475 475 475 475 475 475 475 475 475 
475 475 475 475 475 440 475 475 475 475 475 475 475 475 475 475 475 475 475 475 475 475 475 475 475 450 475 460 475 475 475 475 475 475 475 475 475 475 475 475 475 475 475 475 475 475 475 475 475 475 
475 475 475 475 475 475 475 475 475 475 475 475 470 475 475 475 475 475 475 475 475 475 480 475 475 475 475 475 475 475 475 475 475 475 475 475 475 475 475 475 475 475 475 475 475 475 475 475 475 475 
490 475 475 475 475 475 475 475 475 475 475 475 475 475 475 475 475 475 475 475 475 475 500 475 475 475 475 475 475 475 475 475 475 475 475 510 475 475 475 475 520 475 475 475 475 475 475 475 475 475 
475 475 475 475 475 475 475 475 475 475 475 530 475 475 540 475 475 475 475 475 475 475 475 475 475 475 475 475 475 475 475 475 475 475 475 475 475 475 475 475 475 475 475 475 475 475 475 550 475 475 
475 475 475 475 475 475 475 475 475 475 475 475 475 475 475 475 475 475 475 475 475 475 475 475 475 560 475 475 475 475 475 475 475 475 475 475 475 475 475 475 475 475 475 475 475 475 475 475 475 475 
475 475 475 475 475 570 475 475 475 475 475 475 475 475 580 475 475 475 475 475 475 475 475 475 475 475 475 475 590 475 475 475 475 475 475 600 475 475 475 475 475 475 475 475 475 475 475 475 475 475 
610 475 475 475 475 475 620 475 475 475 475 475 475 475 475 475 475 475 475 475 475 475 475 475 475 475 475 475 475 475 475 475 475 475 475 475 475 475 475 475 475 475 475 475 475 475 475 475 475 630 
475 475 475 475 475 475 475 475 475 475 475 475 475 475 475 475 475 475 475 475 475 475 475 475 475 475 475 475 475 640 475 475 475 475 475 475 475 475 475 475 475 475 475 475 475 475 475 475 475 475 
475 475 475 475 475 475 650 475 475 475 475 475 475 475 475 475 475 475 475 475 475 475 475 660 475 475 475 475 475 475 475 475 475 475 475 475 475 475 475 475 670 475 475 475 475 475 475 475 475 475 
475 475 475 475 475 475 475 475 475 475 475 475 475 475 475 475 475 475 475 475 475 475 475 475 475 475 475 475 475 475 475 475 475 475 475 680 475 475 475 475 475 475 475 475 475 475 475 475 475 475 
475 475 475 475 475 475 475 475 475 475 475 475 475 475 475 475 475 475 475 475 475 475 475 475 475 475 475 475 690 475 475 475 475 475 475 475 475 475 475 475 475 700 475 475 475 475 475 475 475 475 
475 475 475 475 475 475 475 475 475 475 475 475 475 475 475 475 475 475 475 475 475 475 475 475 475 475 475 475 475 710 475 475 475 475 475 475 475 475 475 475 475 475 475 475 475 475 475 475 475 475 
475 475 475 475 475 475 475 475 475 475 475 475 475 475 475 475 475 475 475 475 475 475 475 475 475 475 475 475 475 475 475 475 475 475 475 475 475 475 475 475 475 475 475 475 475 475 475 475 475 475 
475 475 475 475 475 475 475 475 475 475 475 475 475 475 475 475 475 475 475 475 475 475 475 475 475 475 475 475 475 475 475 475 720 475 475 475 475 475 475 475 475 475 475 475 475 475 475 475 475 475 
475 475 475 730 475 475 475 475 475 475 475 475 475 475 475 475 475 475 475 475 475 475 475 475 475 475 475 475 475 475 475 475 475 475 475 475 475 475 475 475 475 475 475 475 475 475 475 475 475 475 
475 475 475 475 475 475 475 740 475 475 475 475 475 475 475 475 475 475 475 475 475 475 475 475 475 475 475 475 475 475 475 475 475 475 475 475 475 475 475 750 475 475 475 475 760 475 475 475 475 475 
475 475 475 475 475 475 475 475 475 475 475 475 475 770 475 475 475 475 780 475 475 475 475 475 475 475 475 475 475 475 790 475 475 475 475 800 475 475 475 475 475 475 475 475 475 475 475 475 475 475 
475 475 475 475 475 475 475 475 475 475 475 475 475 475 475 810 475 475 475 475 475 475 475 820 475 475 475 475 475 475 475 475 475 475 475 475 475 475 475 475 475 475 475 475 475 475 475 475 475 475 
475 475 475 475 475 475 475 830 475 475 475 475 475 475 475 475 475 475 475 475 475 475 475 475 475 475 475 475 475 475 475 475 475 475 475 475 475 475 475 475 475 475 475 475 475 475 475 475 475 475 
475 475 475 475 475 475 475 475 475 840 475 475 475 850 475 475 475 475 475 475 475 475 475 475 475 860 475 475 475 475 475 475 475 475 475 475 475 475 475 475 475 475 475 475 475 475 475 475 475 475 
475 475 475 475 475 475 475 475 475 475 475 475 475 475 475 475 475 475 475 475 475 475 475 475 475 475 475 475 475 475 475 475 475 475 475 475 475 475 475 475 475 475 475 475 475 475 475 475 475 475 
475 475 475 475 475 475 475 475 475 475 475 475 475 475 475 475 475 475 475 475 475 475 475 475 475 870 475 475 475 475 475 475 475 475 475 475 475 475 475 475 475 475 475 475 475 475 475 475 475 475 
475 475 475 475 475 880 475 475 475 475 475 475 475 475 475 475 475 475 475 475 475 475 475 475 475 475 475 475 475 475 475 475 890 475 475 475 900 475 475 475 475 475 475 475 475 475 475 475 475 475 
475 475 475 475 475 475 475 475 475 475 475 475 475 910 475 475 475 475 475 475 475 475 475 475 475 475 475 475 920 475 930 475 475 475 475 475 475 475 475 475 475 475 475 475 475 475 475 475 475 475 
475 475 475 475 475 475 475 475 475 475 475 475 475 940 475 475 475 475 475 475 475 475 475 475 475 475 475 475 475 475 475 475 475 475 475 475 475 475 475 475 475 475 475 475 475 475 475 950 475 475 
0 0 0
0 0 0
0 0 0
0 0 0
0 0 0
0 0 0
0 0 0
0 0 0
0 0 0
0 0 0
0 0 0
0 0 0
0 0 0
0 0 0
0 0 0
0 0 0
0 0 0
0 0 0
0 0 0
0 0 0
0 0 0
0 0 0
0 0 0
0 0 0
0 0 0
0 0 0
0 0 0
0 0 0
0 0 0
0 0 0
0 0 0
0 0 0
0 0 0
0 0 0
0 0 0
0 0 0
0 0 0
0 0 0
0 0 0
0 0 0
0 0 0
0 0 0
0 0 0
0 0 0
0 0 0
0 0 0
0 0 0
0 0 0
0 0 0
0 0 0
0 0 0
0 0 0
0 0 0
0 0 0
0 0 0
0 0 0
0 0 0
0 0 0
0 0 0
0 0 0
0 0 0
0 0 0
0 0 0
0 0 0
0 0 0
0 0 0
0 0 0
0 0 0
0 0 0
0 0 0
0 0 0
0 0 0
0 0 0
0 0 0
0 0 0
0 0 0
0 0 0
0 0 0
0 0 0
0 0 0
0 0 0
0 0 0
0 0 0
0 0 0
0 0 0
0 0 0
0 0 0
0 0 0
0 0 0
0 0 0
0 0 0
0 0 0
0 0 0
0 0 0
0 0 0
0 0 0
0 0 0
0 0 0
0 0 0
0 0 0
0 0 0
0 0 0
0 0 0
0 0 0
0 0 0
1 0 0
1 0 0
1 0 0
1 0 0
1 0 0
1 0 0
1 0 0
1 0 0
1 0 0
1 0 0
1 0 0
1 0 0
1 0 0
1 0 0
1 0 0
1 0 0
1 0 0
1 0 0
1 0 0
1 0 0
1 0 0
1 0 0
1 0 0
1 0 0
1 0 0
1 0 0
1 0 0
1 0 0
1 0 0
1 0 0
1 0 0
1 0 0
1 0 0
1 0 0
1 0 0
1 0 0
1 0 0
1 0 0
1 0 0
1 0 0
1 0 0
1 0 0
1 0 0
1 0 0
1 0 0
1 0 0
1 0 0
1 0 0
1 0 0
1 0 0
1 0 0
1 0 0
1 0 0
1 0 0
1 0 0
1 0 0
1 0 0
1 0 0
1 0 0
1 0 0
1 0 0
1 0 0
1 0 0
1 0 0
1 0 0
1 0 0
1 0 0
1 0 0
1 0 0
1 0 0
1 0 0
1 0 0
1 0 0
1 0 0
1 0 0
1 0 0
1 0 0
1 0 0
1 0 0
1 0 0
1 0 0
1 0 0
1 0 0
1 0 0
1 0 0
1 0 0
1 0 0
1 0 0
1 0 0
1 0 0
1 0 0
1 0 0
1 0 0
1 0 0
1 0 0
1 0 0
1 0 0
1 0 0
1 0 0
1 0 0
1 0 0
1 0 0
1 0 0
1 0 0
1 0 0
2 0 0
2 0 0
2 0 0
2 0 0
2 0 0
2 0 0
2 0 0
2 0 0
2 0 0
2 0 0
2 0 0
2 0 0
2 0 0
2 0 0
2 0 0
2 0 0
2 0 0
2 0 0
2 0 0
2 0 0
2 0 0
2 0 0
2 0 0
2 0 0
2 0 0
2 0 0
2 0 0
2 0 0
2 0 0
2 0 0
2 0 0
2 0 0
2 0 0
2 0 0
2 0 0
2 0 0
2 0 0
2 0 0
2 0 0
2 0 0
2 0 0
2 0 0
2 0 0
2 0 0
2 0 0
2 0 0
2 0 0
2 0 0
2 0 0
2 0 0
2 0 0
2 0 0
2 0 0
2 0 0
2 0 0
2 0 0
2 0 0
2 0 0
2 0 0
2 0 0
2 0 0
2 0 0
2 0 0
2 0 0
2 0 0
2 0 0
2 0 0
2 0 0
2 0 0
2 0 0
2 0 0
2 0 0
2 0 0
2 0 0
2 0 0
2 0 0
2 0 0
2 0 0
2 0 0
2 0 0
2 0 0
2 0 0
2 0 0
2 0 0
2 0 0
2 0 0
2 0 0
2 0 0
2 0 0
2 0 0
2 0 0
2 0 0
2 0 0
2 0 0
2 0 0
2 0 0
2 0 0
2 0 0
2 0 0
2 0 0
2 0 0
2 0 0
2 0 0
2 0 0
2 0 0
3 0 0
3 0 0
3 0 0
3 0 0
3 0 0
3 0 0
3 0 0
3 0 0
3 0 0
3 0 0
3 0 0
3 0 0
3 0 0
3 0 0
3 0 0
3 0 0
3 0 0
3 0 0
3 0 0
3 0 0
3 0 0
3 0 0
3 0 0
3 0 0
3 0 0
3 0 0
3 0 0
3 0 0
3 0 0
3 0 0
3 0 0
3 0 0
3 0 0
3 0 0
3 0 0
3 0 0
3 0 0
3 0 0
3 0 0
3 0 0
3 0 0
3 0 0
3 0 0
3 0 0
3 0 0
3 0 0
3 0 0
3 0 0
3 0 0
3 0 0
3 0 0
3 0 0
3 0 0
3 0 0
3 0 0
3 0 0
3 0 0
3 0 0
3 0 0
3 0 0
3 0 0
3 0 0
3 0 0
3 0 0
3 0 0
3 0 0
3 0 0
3 0 0
3 0 0
3 0 0
3 0 0
3 0 0
3 0 0
3 0 0
3 0 0
3 0 0
3 0 0
3 0 0
3 0 0
3 0 0
3 0 0
3 0 0
3 0 0
3 0 0
3 0 0
3 0 0
3 0 0
3 0 0
3 0 0
3 0 0
3 0 0
3 0 0
3 0 0
3 0 0
3 0 0
3 0 0
3 0 0
3 0 0
3 0 0
3 0 0
3 0 0
3 0 0
3 0 0
3 0 0
3 0 0
4 0 0
4 0 0
4 0 0
4 0 0
4 0 0
4 0 0
4 0 0
4 0 0
4 0 0
4 0 0
4 0 0
4 0 0
4 0 0
4 0 0
4 0 0
4 0 0
4 0 0
4 0 0
4 0 0
4 0 0
4 0 0
4 0 0
4 0 0
4 0 0
4 0 0
4 0 0
4 0 0
4 0 0
4 0 0
4 0 0
4 0 0
4 0 0
4 0 0
4 0 0
4 0 0
4 0 0
4 0 0
4 0 0
4 0 0
4 0 0
4 0 0
4 0 0
4 0 0
4 0 0
4 0 0
4 0 0
4 0 0
4 0 0
4 0 0
4 0 0
4 0 0
4 0 0
4 0 0
4 0 0
4 0 0
4 0 0
4 0 0
4 0 0
4 0 0
4 0 0
4 0 0
4 0 0
4 0 0
4 0 0
4 0 0
4 0 0
4 0 0
4 0 0
4 0 0
4 0 0
4 0 0
4 0 0
4 0 0
4 0 0
4 0 0
4 0 0
4 0 0
4 0 0
4 0 0
4 0 0
4 0 0
4 0 0
4 0 0
4 0 0
4 0 0
4 0 0
4 0 0
4 0 0
4 0 0
4 0 0
4 0 0
4 0 0
4 0 0
4 0 0
4 0 0
4 0 0
4 0 0
4 0 0
4 0 0
4 0 0
4 0 0
4 0 0
4 0 0
4 0 0
4 0 0
5 0 0
5 0 0
5 0 0
5 0 0
5 0 0
5 0 0
5 0 0
5 0 0
5 0 0
5 0 0
5 0 0
5 0 0
5 0 0
5 0 0
5 0 0
5 0 0
5 0 0
5 0 0
5 0 0
5 0 0
5 0 0
5 0 0
5 0 0
5 0 0
5 0 0
5 0 0
5 0 0
5 0 0
5 0 0
5 0 0
5 0 0
5 0 0
5 0 0
5 0 0
5 0 0
5 0 0
5 0 0
5 0 0
5 0 0
5 0 0
5 0 0
5 0 0
5 0 0
5 0 0
5 0 0
5 0 0
5 0 0
5 0 0
5 0 0
5 0 0
5 0 0
5 0 0
5 0 0
5 0 0
5 0 0
5 0 0
5 0 0
5 0 0
5 0 0
5 0 0
5 0 0
5 0 0
5 0 0
5 0 0
5 0 0
5 0 0
5 0 0
5 0 0
5 0 0
5 0 0
5 0 0
5 0 0
5 0 0
5 0 0
5 0 0
5 0 0
5 0 0
5 0 0
5 0 0
5 0 0
5 0 0
5 0 0
5 0 0
5 0 0
5 0 0
5 0 0
5 0 0
5 0 0
5 0 0
5 0 0
5 0 0
5 0 0
5 0 0
5 0 0
5 0 0
5 0 0
5 0 0
5 0 0
5 0 0
5 0 0
5 0 0
5 0 0
5 0 0
5 0 0
5 0 0
6 0 0
6 0 0
6 0 0
6 0 0
6 0 0
6 0 0
6 0 0
6 0 0
6 0 0
6 0 0
6 0 0
6 0 0
6 0 0
6 0 0
6 0 0
6 0 0
6 0 0
6 0 0
6 0 0
6 0 0
6 0 0
6 0 0
6 0 0
6 0 0
6 0 0
6 0 0
6 0 0
6 0 0
6 0 0
6 0 0
6 0 0
6 0 0
6 0 0
6 0 0
6 0 0
6 0 0
6 0 0
6 0 0
6 0 0
6 0 0
6 0 0
6 0 0
6 0 0
6 0 0
6 0 0
6 0 0
6 0 0
6 0 0
6 0 0
6 0 0
6 0 0
6 0 0
6 0 0
6 0 0
6 0 0
6 0 0
6 0 0
6 0 0
6 0 0
6 0 0
6 0 0
6 0 0
6 0 0
6 0 0
6 0 0
6 0 0
6 0 0
6 0 0
6 0 0
6 0 0
6 0 0
6 0 0
6 0 0
6 0 0
6 0 0
6 0 0
6 0 0
6 0 0
6 0 0
6 0 0
6 0 0
6 0 0
6 0 0
6 0 0
6 0 0
6 0 0
6 0 0
6 0 0
6 0 0
6 0 0
6 0 0
6 0 0
6 0 0
6 0 0
6 0 0
6 0 0
6 0 0
6 0 0
6 0 0
6 0 0
6 0 0
6 0 0
6 0 0
6 0 0
6 0 0
7 0 0
7 0 0
7 0 0
7 0 0
7 0 0
7 0 0
7 0 0
7 0 0
7 0 0
7 0 0
7 0 0
7 0 0
7 0 0
7 0 0
7 0 0
7 0 0
7 0 0
7 0 0
7 0 0
7 0 0
7 0 0
7 0 0
7 0 0
7 0 0
7 0 0
7 0 0
7 0 0
7 0 0
7 0 0
7 0 0
7 0 0
7 0 0
7 0 0
7 0 0
7 0 0
7 0 0
7 0 0
7 0 0
7 0 0
7 0 0
7 0 0
7 0 0
7 0 0
7 0 0
7 0 0
7 0 0
7 0 0
7 0 0
7 0 0
7 0 0
7 0 0
7 0 0
7 0 0
7 0 0
7 0 0
7 0 0
7 0 0
7 0 0
7 0 0
7 0 0
7 0 0
7 0 0
7 0 0
7 0 0
7 0 0
7 0 0
7 0 0
7 0 0
7 0 0
7 0 0
7 0 0
7 0 0
7 0 0
7 0 0
7 0 0
7 0 0
7 0 0
7 0 0
7 0 0
7 0 0
7 0 0
7 0 0
7 0 0
7 0 0
7 0 0
7 0 0
7 0 0
7 0 0
7 0 0
7 0 0
7 0 0
7 0 0
7 0 0
7 0 0
7 0 0
7 0 0
7 0 0
7 0 0
7 0 0
7 0 0
7 0 0
7 0 0
7 0 0
7 0 0
7 0 0
8 0 0
8 0 0
8 0 0
8 0 0
8 0 0
8 0 0
8 0 0
8 0 0
8 0 0
8 0 0
8 0 0
8 0 0
8 0 0
8 0 0
8 0 0
8 0 0
8 0 0
8 0 0
8 0 0
8 0 0
8 0 0
8 0 0
8 0 0
8 0 0
8 0 0
8 0 0
8 0 0
8 0 0
8 0 0
8 0 0
8 0 0
8 0 0
8 0 0
8 0 0
8 0 0
8 0 0
8 0 0
8 0 0
8 0 0
8 0 0
8 0 0
8 0 0
8 0 0
8 0 0
8 0 0
8 0 0
8 0 0
8 0 0
8 0 0
8 0 0
8 0 0
8 0 0
8 0 0
8 0 0
8 0 0
8 0 0
8 0 0
8 0 0
8 0 0
8 0 0
8 0 0
8 0 0
8 0 0
8 0 0
8 0 0
8 0 0
8 0 0
8 0 0
8 0 0
8 0 0
8 0 0
8 0 0
8 0 0
8 0 0
8 0 0
8 0 0
8 0 0
8 0 0
8 0 0
8 0 0
8 0 0
8 0 0
8 0 0
8 0 0
8 0 0
8 0 0
8 0 0
8 0 0
8 0 0
8 0 0
8 0 0
8 0 0
8 0 0
8 0 0
8 0 0
8 0 0
8 0 0
8 0 0
8 0 0
8 0 0
8 0 0
8 0 0
8 0 0
8 0 0
8 0 0
9 0 0
9 0 0
9 0 0
9 0 0
9 0 0
9 0 0
9 0 0
9 0 0
9 0 0
9 0 0
9 0 0
9 0 0
9 0 0
9 0 0
9 0 0
9 0 0
9 0 0
9 0 0
9 0 0
9 0 0
9 0 0
9 0 0
9 0 0
9 0 0
9 0 0
9 0 0
9 0 0
9 0 0
9 0 0
9 0 0
9 0 0
9 0 0
9 0 0
9 0 0
9 0 0
9 0 0
9 0 0
9 0 0
9 0 0
9 0 0
9 0 0
9 0 0
9 0 0
9 0 0
9 0 0
9 0 0
9 0 0
9 0 0
9 0 0
9 0 0
9 0 0
9 0 0
9 0 0
9 0 0
9 0 0
9 0 0
9 0 0
9 0 0
9 0 0
9 0 0
9 0 0
9 0 0
9 0 0
9 0 0
9 0 0
9 0 0
9 0 0
9 0 0
9 0 0
9 0 0
9 0 0
9 0 0
9 0 0
9 0 0
9 0 0
9 0 0
9 0 0
9 0 0
9 0 0
9 0 0
9 0 0
9 0 0
9 0 0
9 0 0
9 0 0
9 0 0
9 0 0
9 0 0
9 0 0
9 0 0
9 0 0
9 0 0
9 0 0
9 0 0
9 0 0
9 0 0
9 0 0
9 0 0
9 0 0
9 0 0
9 0 0
9 0 0
9 0 0
9 0 0
9 0 0
10 0 0
10 0 0
10 0 0
10 0 0
10 0 0
10 0 0
10 0 0
10 0 0
10 0 0
10 0 0
10 0 0
10 0 0
10 0 0
10 0 0
10 0 0
10 0 0
10 0 0
10 0 0
10 0 0
10 0 0
10 0 0
10 0 0
10 0 0
10 0 0
10 0 0
10 0 0
10 0 0
10 0 0
10 0 0
10 0 0
10 0 0
10 0 0
10 0 0
10 0 0
10 0 0
10 0 0
10 0 0
10 0 0
10 0 0
10 0 0
10 0 0
10 0 0
10 0 0
10 0 0
10 0 0
10 0 0
10 0 0
10 0 0
10 0 0
10 0 0
10 0 0
10 0 0
10 0 0
10 0 0
10 0 0
10 0 0
10 0 0
10 0 0
10 0 0
10 0 0
10 0 0
10 0 0
10 0 0
10 0 0
10 0 0
10 0 0
10 0 0
10 0 0
10 0 0
10 0 0
10 0 0
10 0 0
10 0 0
10 0 0
10 0 0
10 0 0
10 0 0
10 0 0
10 0 0
10 0 0
10 0 0
10 0 0
10 0 0
10 0 0
10 0 0
10 0 0
10 0 0
10 0 0
10 0 0
10 0 0
10 0 0
10 0 0
10 0 0
10 0 0
10 0 0
10 0 0
10 0 0
10 0 0
10 0 0
10 0 0
10 0 0
10 0 0
10 0 0
10 0 0
10 0 0
11 0 0
11 0 0
11 0 0
11 0 0
11 0 0
11 0 0
11 0 0
11 0 0
11 0 0
11 0 0
11 0 0
11 0 0
11 0 0
11 0 0
11 0 0
11 0 0
11 0 0
11 0 0
11 0 0
11 0 0
11 0 0
11 0 0
11 0 0
11 0 0
11 0 0
11 0 0
11 0 0
11 0 0
11 0 0
11 0 0
11 0 0
11 0 0
11 0 0
11 0 0
11 0 0
11 0 0
11 0 0
11 0 0
11 0 0
11 0 0
11 0 0
11 0 0
11 0 0
11 0 0
11 0 0
11 0 0
11 0 0
11 0 0
11 0 0
11 0 0
11 0 0
11 0 0
11 0 0
11 0 0
11 0 0
11 0 0
11 0 0
11 0 0
11 0 0
11 0 0
11 0 0
11 0 0
11 0 0
11 0 0
11 0 0
11 0 0
11 0 0
11 0 0
11 0 0
11 0 0
11 0 0
11 0 0
11 0 0
11 0 0
11 0 0
11 0 0
11 0 0
11 0 0
11 0 0
11 0 0
11 0 0
11 0 0
11 0 0
11 0 0
11 0 0
11 0 0
11 0 0
11 0 0
11 0 0
11 0 0
11 0 0
11 0 0
11 0 0
11 0 0
11 0 0
11 0 0
11 0 0
11 0 0
11 0 0
11 0 0
11 0 0
11 0 0
11 0 0
11 0 0
11 0 0
12 0 0
12 0 0
12 0 0
12 0 0
12 0 0
12 0 0
12 0 0
12 0 0
12 0 0
12 0 0
12 0 0
12 0 0
12 0 0
12 0 0
12 0 0
12 0 0
12 0 0
12 0 0
12 0 0
12 0 0
12 0 0
12 0 0
12 0 0
12 0 0
12 0 0
12 0 0
12 0 0
12 0 0
12 0 0
12 0 0
12 0 0
12 0 0
12 0 0
12 0 0
12 0 0
12 0 0
12 0 0
12 0 0
12 0 0
12 0 0
12 0 0
12 0 0
12 0 0
12 0 0
12 0 0
12 0 0
12 0 0
12 0 0
12 0 0
12 0 0
12 0 0
12 0 0
12 0 0
12 0 0
12 0 0
12 0 0
12 0 0
12 0 0
12 0 0
12 0 0
12 0 0
12 0 0
12 0 0
12 0 0
12 0 0
12 0 0
12 0 0
12 0 0
12 0 0
12 0 0
12 0 0
12 0 0
12 0 0
12 0 0
12 0 0
12 0 0
12 0 0
12 0 0
12 0 0
12 0 0
12 0 0
12 0 0
12 0 0
12 0 0
12 0 0
12 0 0
12 0 0
12 0 0
12 0 0
12 0 0
12 0 0
12 0 0
12 0 0
12 0 0
12 0 0
12 0 0
12 0 0
12 0 0
12 0 0
12 0 0
12 0 0
12 0 0
12 0 0
12 0 0
12 0 0
13 0 0
13 0 0
13 0 0
13 0 0
13 0 0
13 0 0
13 0 0
13 0 0
13 0 0
13 0 0
13 0 0
13 0 0
13 0 0
13 0 0
13 0 0
13 0 0
13 0 0
13 0 0
13 0 0
13 0 0
13 0 0
13 0 0
13 0 0
13 0 0
13 0 0
13 0 0
13 0 0
13 0 0
13 0 0
13 0 0
13 0 0
13 0 0
13 0 0
13 0 0
13 0 0
13 0 0
13 0 0
13 0 0
13 0 0
13 0 0
13 0 0
13 0 0
13 0 0
13 0 0
13 0 0
13 0 0
13 0 0
13 0 0
13 0 0
13 0 0
13 0 0
13 0 0
13 0 0
13 0 0
13 0 0
13 0 0
13 0 0
13 0 0
13 0 0
13 0 0
13 0 0
13 0 0
13 0 0
13 0 0
13 0 0
13 0 0
13 0 0
13 0 0
13 0 0
13 0 0
13 0 0
13 0 0
13 0 0
13 0 0
13 0 0
13 0 0
13 0 0
13 0 0
13 0 0
13 0 0
13 0 0
13 0 0
13 0 0
13 0 0
13 0 0
13 0 0
13 0 0
13 0 0
13 0 0
13 0 0
13 0 0
13 0 0
13 0 0
13 0 0
13 0 0
13 0 0
13 0 0
13 0 0
13 0 0
13 0 0
13 0 0
13 0 0
13 0 0
13 0 0
13 0 0
14 0 0
14 0 0
14 0 0
14 0 0
14 0 0
14 0 0
14 0 0
14 0 0
14 0 0
14 0 0
14 0 0
14 0 0
14 0 0
14 0 0
14 0 0
14 0 0
14 0 0
14 0 0
14 0 0
14 0 0
14 0 0
14 0 0
14 0 0
14 0 0
14 0 0
14 0 0
14 0 0
14 0 0
14 0 0
14 0 0
14 0 0
14 0 0
14 0 0
14 0 0
14 0 0
14 0 0
14 0 0
14 0 0
14 0 0
14 0 0
14 0 0
14 0 0
14 0 0
14 0 0
14 0 0
14 0 0
14 0 0
14 0 0
14 0 0
14 0 0
14 0 0
14 0 0
14 0 0
14 0 0
14 0 0
14 0 0
14 0 0
14 0 0
14 0 0
14 0 0
14 0 0
14 0 0
14 0 0
14 0 0
14 0 0
14 0 0
14 0 0
14 0 0
14 0 0
14 0 0
14 0 0
14 0 0
14 0 0
14 0 0
14 0 0
14 0 0
14 0 0
14 0 0
14 0 0
14 0 0
14 0 0
14 0 0
14 0 0
14 0 0
14 0 0
14 0 0
14 0 0
14 0 0
14 0 0
14 0 0
14 0 0
14 0 0
14 0 0
14 0 0
14 0 0
14 0 0
14 0 0
14 0 0
14 0 0
14 0 0
14 0 0
14 0 0
14 0 0
14 0 0
14 0 0
15 0 0
15 0 0
15 0 0
15 0 0
15 0 0
15 0 0
15 0 0
15 0 0
15 0 0
15 0 0
15 0 0
15 0 0
15 0 0
15 0 0
15 0 0
15 0 0
15 0 0
15 0 0
15 0 0
15 0 0
15 0 0
15 0 0
15 0 0
15 0 0
15 0 0
15 0 0
15 0 0
15 0 0
15 0 0
15 0 0
15 0 0
15 0 0
15 0 0
15 0 0
15 0 0
15 0 0
15 0 0
15 0 0
15 0 0
15 0 0
15 0 0
15 0 0
15 0 0
15 0 0
15 0 0
15 0 0
15 0 0
15 0 0
15 0 0
15 0 0
15 0 0
15 0 0
15 0 0
15 0 0
15 0 0
15 0 0
15 0 0
15 0 0
15 0 0
15 0 0
15 0 0
15 0 0
15 0 0
15 0 0
15 0 0
15 0 0
15 0 0
15 0 0
15 0 0
15 0 0
15 0 0
15 0 0
15 0 0
15 0 0
15 0 0
15 0 0
15 0 0
15 0 0
15 0 0
15 0 0
15 0 0
15 0 0
15 0 0
15 0 0
15 0 0
15 0 0
15 0 0
15 0 0
15 0 0
15 0 0
15 0 0
15 0 0
15 0 0
15 0 0
15 0 0
15 0 0
15 0 0
15 0 0
15 0 0
15 0 0
15 0 0
15 0 0
15 0 0
15 0 0
15 0 0
16 0 0
16 0 0
16 0 0
16 0 0
16 0 0
16 0 0
16 0 0
16 0 0
16 0 0
16 0 0
16 0 0
16 0 0
16 0 0
16 0 0
16 0 0
16 0 0
16 0 0
16 0 0
16 0 0
16 0 0
16 0 0
16 0 0
16 0 0
16 0 0
16 0 0
16 0 0
16 0 0
16 0 0
16 0 0
16 0 0
16 0 0
16 0 0
16 0 0
16 0 0
16 0 0
16 0 0
16 0 0
16 0 0
16 0 0
16 0 0
16 0 0
16 0 0
16 0 0
16 0 0
16 0 0
16 0 0
16 0 0
16 0 0
16 0 0
16 0 0
16 0 0
16 0 0
16 0 0
16 0 0
16 0 0
16 0 0
16 0 0
16 0 0
16 0 0
16 0 0
16 0 0
16 0 0
16 0 0
16 0 0
16 0 0
16 0 0
16 0 0
16 0 0
16 0 0
16 0 0
16 0 0
16 0 0
16 0 0
16 0 0
16 0 0
16 0 0
16 0 0
16 0 0
16 0 0
16 0 0
16 0 0
16 0 0
16 0 0
16 0 0
16 0 0
16 0 0
16 0 0
16 0 0
16 0 0
16 0 0
16 0 0
16 0 0
16 0 0
16 0 0
16 0 0
16 0 0
16 0 0
16 0 0
16 0 0
16 0 0
16 0 0
16 0 0
16 0 0
16 0 0
16 0 0
17 0 0
17 0 0
17 0 0
17 0 0
17 0 0
17 0 0
17 0 0
17 0 0
17 0 0
17 0 0
17 0 0
17 0 0
17 0 0
17 0 0
17 0 0
17 0 0
17 0 0
17 0 0
17 0 0
17 0 0
17 0 0
17 0 0
17 0 0
17 0 0
17 0 0
17 0 0
17 0 0
17 0 0
17 0 0
17 0 0
17 0 0
17 0 0
17 0 0
17 0 0
17 0 0
17 0 0
17 0 0
17 0 0
17 0 0
17 0 0
17 0 0
17 0 0
17 0 0
17 0 0
17 0 0
17 0 0
17 0 0
17 0 0
17 0 0
17 0 0
17 0 0
17 0 0
17 0 0
17 0 0
17 0 0
17 0 0
17 0 0
17 0 0
17 0 0
17 0 0
17 0 0
17 0 0
17 0 0
17 0 0
17 0 0
17 0 0
17 0 0
17 0 0
17 0 0
17 0 0
17 0 0
17 0 0
17 0 0
17 0 0
17 0 0
17 0 0
17 0 0
17 0 0
17 0 0
17 0 0
17 0 0
17 0 0
17 0 0
17 0 0
17 0 0
17 0 0
17 0 0
17 0 0
17 0 0
17 0 0
17 0 0
17 0 0
17 0 0
17 0 0
17 0 0
17 0 0
17 0 0
17 0 0
17 0 0
17 0 0
17 0 0
17 0 0
17 0 0
17 0 0
17 0 0
18 0 0
18 0 0
18 0 0
18 0 0
18 0 0
18 0 0
18 0 0
18 0 0
18 0 0
18 0 0
18 0 0
18 0 0
18 0 0
18 0 0
18 0 0
18 0 0
18 0 0
18 0 0
18 0 0
18 0 0
18 0 0
18 0 0
18 0 0
18 0 0
18 0 0
18 0 0
18 0 0
18 0 0
18 0 0
18 0 0
18 0 0
18 0 0
18 0 0
18 0 0
18 0 0
18 0 0
18 0 0
18 0 0
18 0 0
18 0 0
18 0 0
18 0 0
18 0 0
18 0 0
18 0 0
18 0 0
18 0 0
18 0 0
18 0 0
18 0 0
18 0 0
18 0 0
18 0 0
18 0 0
18 0 0
18 0 0
18 0 0
18 0 0
18 0 0
18 0 0
18 0 0
18 0 0
18 0 0
18 0 0
18 0 0
18 0 0
18 0 0
18 0 0
18 0 0
18 0 0
18 0 0
18 0 0
18 0 0
18 0 0
18 0 0
18 0 0
18 0 0
18 0 0
18 0 0
18 0 0
18 0 0
18 0 0
18 0 0
18 0 0
18 0 0
18 0 0
18 0 0
18 0 0
18 0 0
18 0 0
18 0 0
18 0 0
18 0 0
18 0 0
18 0 0
18 0 0
18 0 0
18 0 0
18 0 0
18 0 0
18 0 0
18 0 0
18 0 0
18 0 0
18 0 0
19 0 0
19 0 0
19 0 0
19 0 0
19 0 0
19 0 0
19 0 0
19 0 0
19 0 0
19 0 0
19 0 0
19 0 0
19 0 0
19 0 0
19 0 0
19 0 0
19 0 0
19 0 0
19 0 0
19 0 0
19 0 0
19 0 0
19 0 0
19 0 0
19 0 0
19 0 0
19 0 0
19 0 0
19 0 0
19 0 0
19 0 0
19 0 0
19 0 0
19 0 0
19 0 0
19 0 0
19 0 0
19 0 0
19 0 0
19 0 0
19 0 0
19 0 0
19 0 0
19 0 0
19 0 0
19 0 0
19 0 0
19 0 0
19 0 0
19 0 0
19 0 0
19 0 0
19 0 0
19 0 0
19 0 0
19 0 0
19 0 0
19 0 0
19 0 0
19 0 0
19 0 0
19 0 0
19 0 0
19 0 0
19 0 0
19 0 0
19 0 0
19 0 0
19 0 0
19 0 0
19 0 0
19 0 0
19 0 0
19 0 0
19 0 0
19 0 0
19 0 0
19 0 0
19 0 0
19 0 0
19 0 0
19 0 0
19 0 0
19 0 0
19 0 0
19 0 0
19 0 0
19 0 0
19 0 0
19 0 0
19 0 0
19 0 0
19 0 0
19 0 0
19 0 0
19 0 0
19 0 0
19 0 0
19 0 0
19 0 0
19 0 0
19 0 0
19 0 0
19 0 0
19 0 0
20 0 0
20 0 0
20 0 0
20 0 0
20 0 0
20 0 0
20 0 0
20 0 0
20 0 0
20 0 0
20 0 0
20 0 0
20 0 0
20 0 0
20 0 0
20 0 0
20 0 0
20 0 0
20 0 0
20 0 0
20 0 0
20 0 0
20 0 0
20 0 0
20 0 0
20 0 0
20 0 0
20 0 0
20 0 0
20 0 0
20 0 0
20 0 0
20 0 0
20 0 0
20 0 0
20 0 0
20 0 0
20 0 0
20 0 0
20 0 0
20 0 0
20 0 0
20 0 0
20 0 0
20 0 0
20 0 0
20 0 0
20 0 0
20 0 0
20 0 0
20 0 0
20 0 0
20 0 0
20 0 0
20 0 0
20 0 0
20 0 0
20 0 0
20 0 0
20 0 0
20 0 0
20 0 0
20 0 0
20 0 0
20 0 0
20 0 0
20 0 0
20 0 0
20 0 0
20 0 0
20 0 0
20 0 0
20 0 0
20 0 0
20 0 0
20 0 0
20 0 0
20 0 0
20 0 0
20 0 0
20 0 0
20 0 0
20 0 0
20 0 0
20 0 0
20 0 0
20 0 0
20 0 0
20 0 0
20 0 0
20 0 0
20 0 0
20 0 0
20 0 0
20 0 0
20 0 0
20 0 0
20 0 0
20 0 0
20 0 0
20 0 0
20 0 0
20 0 0
20 0 0
20 0 0
21 0 0
21 0 0
21 0 0
21 0 0
21 0 0
21 0 0
21 0 0
21 0 0
21 0 0
21 0 0
21 0 0
21 0 0
21 0 0
21 0 0
21 0 0
21 0 0
21 0 0
21 0 0
21 0 0
21 0 0
21 0 0
21 0 0
21 0 0
21 0 0
21 0 0
21 0 0
21 0 0
21 0 0
21 0 0
21 0 0
21 0 0
21 0 0
21 0 0
21 0 0
21 0 0
21 0 0
21 0 0
21 0 0
21 0 0
21 0 0
21 0 0
21 0 0
21 0 0
21 0 0
21 0 0
21 0 0
21 0 0
21 0 0
21 0 0
21 0 0
21 0 0
21 0 0
21 0 0
21 0 0
21 0 0
21 0 0
21 0 0
21 0 0
21 0 0
21 0 0
21 0 0
21 0 0
21 0 0
21 0 0
21 0 0
21 0 0
21 0 0
21 0 0
21 0 0
21 0 0
21 0 0
21 0 0
21 0 0
21 0 0
21 0 0
21 0 0
21 0 0
21 0 0
21 0 0
21 0 0
21 0 0
21 0 0
21 0 0
21 0 0
21 0 0
21 0 0
21 0 0
21 0 0
21 0 0
21 0 0
21 0 0
21 0 0
21 0 0
21 0 0
21 0 0
21 0 0
21 0 0
21 0 0
21 0 0
21 0 0
21 0 0
21 0 0
21 0 0
21 0 0
21 0 0
22 0 0
22 0 0
22 0 0
22 0 0
22 0 0
22 0 0
22 0 0
22 0 0
22 0 0
22 0 0
22 0 0
22 0 0
22 0 0
22 0 0
22 0 0
22 0 0
22 0 0
22 0 0
22 0 0
22 0 0
22 0 0
22 0 0
22 0 0
22 0 0
22 0 0
22 0 0
22 0 0
22 0 0
22 0 0
22 0 0
22 0 0
22 0 0
22 0 0
22 0 0
22 0 0
22 0 0
22 0 0
22 0 0
22 0 0
22 0 0
22 0 0
22 0 0
22 0 0
22 0 0
22 0 0
22 0 0
22 0 0
22 0 0
22 0 0
22 0 0
22 0 0
22 0 0
22 0 0
22 0 0
22 0 0
22 0 0
22 0 0
22 0 0
22 0 0
22 0 0
22 0 0
22 0 0
22 0 0
22 0 0
22 0 0
22 0 0
22 0 0
22 0 0
22 0 0
22 0 0
22 0 0
22 0 0
22 0 0
22 0 0
22 0 0
22 0 0
22 0 0
22 0 0
22 0 0
22 0 0
22 0 0
22 0 0
22 0 0
22 0 0
22 0 0
22 0 0
22 0 0
22 0 0
22 0 0
22 0 0
22 0 0
22 0 0
22 0 0
22 0 0
22 0 0
22 0 0
22 0 0
22 0 0
22 0 0
22 0 0
22 0 0
22 0 0
22 0 0
22 0 0
22 0 0
23 0 0
23 0 0
23 0 0
23 0 0
23 0 0
23 0 0
23 0 0
23 0 0
23 0 0
23 0 0
23 0 0
23 0 0
23 0 0
23 0 0
23 0 0
23 0 0
23 0 0
23 0 0
23 0 0
23 0 0
23 0 0
23 0 0
23 0 0
23 0 0
23 0 0
23 0 0
23 0 0
23 0 0
23 0 0
23 0 0
23 0 0
23 0 0
23 0 0
23 0 0
23 0 0
23 0 0
23 0 0
23 0 0
23 0 0
23 0 0
23 0 0
23 0 0
23 0 0
23 0 0
23 0 0
23 0 0
23 0 0
23 0 0
23 0 0
23 0 0
23 0 0
23 0 0
23 0 0
23 0 0
23 0 0
23 0 0
23 0 0
23 0 0
23 0 0
23 0 0
23 0 0
23 0 0
23 0 0
23 0 0
23 0 0
23 0 0
23 0 0
23 0 0
23 0 0
23 0 0
23 0 0
23 0 0
23 0 0
23 0 0
23 0 0
23 0 0
23 0 0
23 0 0
23 0 0
23 0 0
23 0 0
23 0 0
23 0 0
23 0 0
23 0 0
23 0 0
23 0 0
23 0 0
23 0 0
23 0 0
23 0 0
23 0 0
23 0 0
23 0 0
23 0 0
23 0 0
23 0 0
23 0 0
23 0 0
23 0 0
23 0 0
23 0 0
23 0 0
23 0 0
23 0 0
24 0 0
24 0 0
24 0 0
24 0 0
24 0 0
24 0 0
24 0 0
24 0 0
24 0 0
24 0 0
24 0 0
24 0 0
24 0 0
24 0 0
24 0 0
24 0 0
24 0 0
24 0 0
24 0 0
24 0 0
24 0 0
24 0 0
24 0 0
24 0 0
24 0 0
24 0 0
24 0 0
24 0 0
24 0 0
24 0 0
24 0 0
24 0 0
24 0 0
24 0 0
24 0 0
24 0 0
24 0 0
24 0 0
24 0 0
24 0 0
24 0 0
24 0 0
24 0 0
24 0 0
24 0 0
24 0 0
24 0 0
24 0 0
24 0 0
24 0 0
24 0 0
24 0 0
24 0 0
24 0 0
24 0 0
24 0 0
24 0 0
24 0 0
24 0 0
24 0 0
24 0 0
24 0 0
24 0 0
24 0 0
24 0 0
24 0 0
24 0 0
24 0 0
24 0 0
24 0 0
24 0 0
24 0 0
24 0 0
24 0 0
24 0 0
24 0 0
24 0 0
24 0 0
24 0 0
24 0 0
24 0 0
24 0 0
24 0 0
24 0 0
24 0 0
24 0 0
24 0 0
24 0 0
24 0 0
24 0 0
24 0 0
24 0 0
24 0 0
24 0 0
24 0 0
24 0 0
24 0 0
24 0 0
24 0 0
24 0 0
24 0 0
24 0 0
24 0 0
24 0 0
24 0 0
25 0 0
25 0 0
25 0 0
25 0 0
25 0 0
25 0 0
25 0 0
25 0 0
25 0 0
25 0 0
25 0 0
25 0 0
25 0 0
25 0 0
25 0 0
25 0 0
25 0 0
25 0 0
25 0 0
25 0 0
25 0 0
25 0 0
25 0 0
25 0 0
25 0 0
25 0 0
25 0 0
25 0 0
25 0 0
25 0 0
25 0 0
25 0 0
25 0 0
25 0 0
25 0 0
25 0 0
25 0 0
25 0 0
25 0 0
25 0 0
25 0 0
25 0 0
25 0 0
25 0 0
25 0 0
25 0 0
25 0 0
25 0 0
25 0 0
25 0 0
25 0 0
25 0 0
25 0 0
25 0 0
25 0 0
25 0 0
25 0 0
25 0 0
25 0 0
25 0 0
25 0 0
25 0 0
25 0 0
25 0 0
25 0 0
25 0 0
25 0 0
25 0 0
25 0 0
25 0 0
25 0 0
25 0 0
25 0 0
25 0 0
25 0 0
25 0 0
25 0 0
25 0 0
25 0 0
25 0 0
25 0 0
25 0 0
25 0 0
25 0 0
25 0 0
25 0 0
25 0 0
25 0 0
25 0 0
25 0 0
25 0 0
25 0 0
25 0 0
25 0 0
25 0 0
25 0 0
25 0 0
25 0 0
25 0 0
25 0 0
25 0 0
25 0 0
25 0 0
25 0 0
25 0 0
26 0 0
26 0 0
26 0 0
26 0 0
26 0 0
26 0 0
26 0 0
26 0 0
26 0 0
26 0 0
26 0 0
26 0 0
26 0 0
26 0 0
26 0 0
26 0 0
26 0 0
26 0 0
26 0 0
26 0 0
26 0 0
26 0 0
26 0 0
26 0 0
26 0 0
26 0 0
26 0 0
26 0 0
26 0 0
26 0 0
26 0 0
26 0 0
26 0 0
26 0 0
26 0 0
26 0 0
26 0 0
26 0 0
26 0 0
26 0 0
26 0 0
26 0 0
26 0 0
26 0 0
26 0 0
26 0 0
26 0 0
26 0 0
26 0 0
26 0 0
26 0 0
26 0 0
26 0 0
26 0 0
26 0 0
26 0 0
26 0 0
26 0 0
26 0 0
26 0 0
26 0 0
26 0 0
26 0 0
26 0 0
26 0 0
26 0 0
26 0 0
26 0 0
26 0 0
26 0 0
26 0 0
26 0 0
26 0 0
26 0 0
26 0 0
26 0 0
26 0 0
26 0 0
26 0 0
26 0 0
26 0 0
26 0 0
26 0 0
26 0 0
26 0 0
26 0 0
26 0 0
26 0 0
26 0 0
26 0 0
26 0 0
26 0 0
26 0 0
26 0 0
26 0 0
26 0 0
26 0 0
26 0 0
26 0 0
26 0 0
26 0 0
26 0 0
26 0 0
26 0 0
26 0 0
27 0 0
27 0 0
27 0 0
27 0 0
27 0 0
27 0 0
27 0 0
27 0 0
27 0 0
27 0 0
27 0 0
27 0 0
27 0 0
27 0 0
27 0 0
27 0 0
27 0 0
27 0 0
27 0 0
27 0 0
27 0 0
27 0 0
27 0 0
27 0 0
27 0 0
27 0 0
27 0 0
27 0 0
27 0 0
27 0 0
27 0 0
27 0 0
27 0 0
27 0 0
27 0 0
27 0 0
27 0 0
27 0 0
27 0 0
27 0 0
27 0 0
27 0 0
27 0 0
27 0 0
27 0 0
27 0 0
27 0 0
27 0 0
27 0 0
27 0 0
27 0 0
27 0 0
27 0 0
27 0 0
27 0 0
27 0 0
27 0 0
27 0 0
27 0 0
27 0 0
27 0 0
27 0 0
27 0 0
27 0 0
27 0 0
27 0 0
27 0 0
27 0 0
27 0 0
27 0 0
27 0 0
27 0 0
27 0 0
27 0 0
27 0 0
27 0 0
27 0 0
27 0 0
27 0 0
27 0 0
27 0 0
27 0 0
27 0 0
27 0 0
27 0 0
27 0 0
27 0 0
27 0 0
27 0 0
27 0 0
27 0 0
27 0 0
27 0 0
27 0 0
27 0 0
27 0 0
27 0 0
27 0 0
27 0 0
27 0 0
27 0 0
27 0 0
27 0 0
27 0 0
27 0 0
28 0 0
28 0 0
28 0 0
28 0 0
28 0 0
28 0 0
28 0 0
28 0 0
28 0 0
28 0 0
28 0 0
28 0 0
28 0 0
28 0 0
28 0 0
28 0 0
28 0 0
28 0 0
28 0 0
28 0 0
28 0 0
28 0 0
28 0 0
28 0 0
28 0 0
28 0 0
28 0 0
28 0 0
28 0 0
28 0 0
28 0 0
28 0 0
28 0 0
28 0 0
28 0 0
28 0 0
28 0 0
28 0 0
28 0 0
28 0 0
28 0 0
28 0 0
28 0 0
28 0 0
28 0 0
28 0 0
28 0 0
28 0 0
28 0 0
28 0 0
28 0 0
28 0 0
28 0 0
28 0 0
28 0 0
28 0 0
28 0 0
28 0 0
28 0 0
28 0 0
28 0 0
28 0 0
28 0 0
28 0 0
28 0 0
28 0 0
28 0 0
28 0 0
28 0 0
28 0 0
28 0 0
28 0 0
28 0 0
28 0 0
28 0 0
28 0 0
28 0 0
28 0 0
28 0 0
28 0 0
28 0 0
28 0 0
28 0 0
28 0 0
28 0 0
28 0 0
28 0 0
28 0 0
28 0 0
28 0 0
28 0 0
28 0 0
28 0 0
28 0 0
28 0 0
28 0 0
28 0 0
28 0 0
28 0 0
28 0 0
28 0 0
28 0 0
28 0 0
28 0 0
28 0 0
29 0 0
29 0 0
29 0 0
29 0 0
29 0 0
29 0 0
29 0 0
29 0 0
29 0 0
29 0 0
29 0 0
29 0 0
29 0 0
29 0 0
29 0 0
29 0 0
29 0 0
29 0 0
29 0 0
29 0 0
29 0 0
29 0 0
29 0 0
29 0 0
29 0 0
29 0 0
29 0 0
29 0 0
29 0 0
29 0 0
29 0 0
29 0 0
29 0 0
29 0 0
29 0 0
29 0 0
29 0 0
29 0 0
29 0 0
29 0 0
29 0 0
29 0 0
29 0 0
29 0 0
29 0 0
29 0 0
29 0 0
29 0 0
29 0 0
29 0 0
29 0 0
29 0 0
29 0 0
29 0 0
29 0 0
29 0 0
29 0 0
29 0 0
29 0 0
29 0 0
29 0 0
29 0 0
29 0 0
29 0 0
29 0 0
29 0 0
29 0 0
29 0 0
29 0 0
29 0 0
29 0 0
29 0 0
29 0 0
29 0 0
29 0 0
29 0 0
29 0 0
29 0 0
29 0 0
29 0 0
29 0 0
29 0 0
29 0 0
29 0 0
29 0 0
29 0 0
29 0 0
29 0 0
29 0 0
29 0 0
29 0 0
29 0 0
29 0 0
29 0 0
29 0 0
29 0 0
29 0 0
29 0 0
29 0 0
29 0 0
29 0 0
29 0 0
29 0 0
29 0 0
29 0 0
30 0 0
30 0 0
30 0 0
30 0 0
30 0 0
30 0 0
30 0 0
30 0 0
30 0 0
30 0 0
30 0 0
30 0 0
30 0 0
30 0 0
30 0 0
30 0 0
30 0 0
30 0 0
30 0 0
30 0 0
30 0 0
30 0 0
30 0 0
30 0 0
30 0 0
30 0 0
30 0 0
30 0 0
30 0 0
30 0 0
30 0 0
30 0 0
30 0 0
30 0 0
30 0 0
30 0 0
30 0 0
30 0 0
30 0 0
30 0 0
30 0 0
30 0 0
30 0 0
30 0 0
30 0 0
30 0 0
30 0 0
30 0 0
30 0 0
30 0 0
30 0 0
30 0 0
30 0 0
30 0 0
30 0 0
30 0 0
30 0 0
30 0 0
30 0 0
30 0 0
30 0 0
30 0 0
30 0 0
30 0 0
30 0 0
30 0 0
30 0 0
30 0 0
30 0 0
30 0 0
30 0 0
30 0 0
30 0 0
30 0 0
30 0 0
30 0 0
30 0 0
30 0 0
30 0 0
30 0 0
30 0 0
30 0 0
30 0 0
30 0 0
30 0 0
30 0 0
30 0 0
30 0 0
30 0 0
30 0 0
30 0 0
30 0 0
30 0 0
30 0 0
30 0 0
30 0 0
30 0 0
30 0 0
30 0 0
30 0 0
30 0 0
30 0 0
30 0 0
30 0 0
30 0 0
31 0 0
31 0 0
31 0 0
31 0 0
31 0 0
31 0 0
31 0 0
31 0 0
31 0 0
31 0 0
31 0 0
31 0 0
31 0 0
31 0 0
31 0 0
31 0 0
31 0 0
31 0 0
31 0 0
31 0 0
31 0 0
31 0 0
31 0 0
31 0 0
31 0 0
31 0 0
31 0 0
31 0 0
31 0 0
31 0 0
31 0 0
31 0 0
31 0 0
31 0 0
31 0 0
31 0 0
31 0 0
31 0 0
31 0 0
31 0 0
31 0 0
31 0 0
31 0 0
31 0 0
31 0 0
31 0 0
31 0 0
31 0 0
31 0 0
31 0 0
31 0 0
31 0 0
31 0 0
31 0 0
31 0 0
31 0 0
31 0 0
31 0 0
31 0 0
31 0 0
31 0 0
31 0 0
31 0 0
31 0 0
31 0 0
31 0 0
31 0 0
31 0 0
31 0 0
31 0 0
31 0 0
31 0 0
31 0 0
31 0 0
31 0 0
31 0 0
31 0 0
31 0 0
31 0 0
31 0 0
31 0 0
31 0 0
31 0 0
31 0 0
31 0 0
31 0 0
31 0 0
31 0 0
31 0 0
31 0 0
31 0 0
31 0 0
31 0 0
31 0 0
31 0 0
31 0 0
31 0 0
31 0 0
31 0 0
31 0 0
31 0 0
31 0 0
31 0 0
31 0 0
31 0 0
32 0 0
32 0 0
32 0 0
32 0 0
32 0 0
32 0 0
32 0 0
32 0 0
32 0 0
32 0 0
32 0 0
32 0 0
32 0 0
32 0 0
32 0 0
32 0 0
32 0 0
32 0 0
32 0 0
32 0 0
32 0 0
32 0 0
32 0 0
32 0 0
32 0 0
32 0 0
32 0 0
32 0 0
32 0 0
32 0 0
32 0 0
32 0 0
32 0 0
32 0 0
32 0 0
32 0 0
32 0 0
32 0 0
32 0 0
32 0 0
32 0 0
32 0 0
32 0 0
32 0 0
32 0 0
32 0 0
32 0 0
32 0 0
32 0 0
32 0 0
32 0 0
32 0 0
32 0 0
32 0 0
32 0 0
32 0 0
32 0 0
32 0 0
32 0 0
32 0 0
32 0 0
32 0 0
32 0 0
32 0 0
32 0 0
32 0 0
32 0 0
32 0 0
32 0 0
32 0 0
32 0 0
32 0 0
32 0 0
32 0 0
32 0 0
32 0 0
32 0 0
32 0 0
32 0 0
32 0 0
32 0 0
32 0 0
32 0 0
32 0 0
32 0 0
32 0 0
32 0 0
32 0 0
32 0 0
32 0 0
32 0 0
32 0 0
32 0 0
32 0 0
32 0 0
32 0 0
32 0 0
32 0 0
32 0 0
32 0 0
32 0 0
32 0 0
32 0 0
32 0 0
32 0 0
33 0 0
33 0 0
33 0 0
33 0 0
33 0 0
33 0 0
33 0 0
33 0 0
33 0 0
33 0 0
33 0 0
33 0 0
33 0 0
33 0 0
33 0 0
33 0 0
33 0 0
33 0 0
33 0 0
33 0 0
33 0 0
33 0 0
33 0 0
33 0 0
33 0 0
33 0 0
33 0 0
33 0 0
33 0 0
33 0 0
33 0 0
33 0 0
33 0 0
33 0 0
33 0 0
33 0 0
33 0 0
33 0 0
33 0 0
33 0 0
33 0 0
33 0 0
33 0 0
33 0 0
33 0 0
33 0 0
33 0 0
33 0 0
33 0 0
33 0 0
33 0 0
33 0 0
33 0 0
33 0 0
33 0 0
33 0 0
33 0 0
33 0 0
33 0 0
33 0 0
33 0 0
33 0 0
33 0 0
33 0 0
33 0 0
33 0 0
33 0 0
33 0 0
33 0 0
33 0 0
33 0 0
33 0 0
33 0 0
33 0 0
33 0 0
33 0 0
33 0 0
33 0 0
33 0 0
33 0 0
33 0 0
33 0 0
33 0 0
33 0 0
33 0 0
33 0 0
33 0 0
33 0 0
33 0 0
33 0 0
33 0 0
33 0 0
33 0 0
33 0 0
33 0 0
33 0 0
33 0 0
33 0 0
33 0 0
33 0 0
33 0 0
33 0 0
33 0 0
33 0 0
33 0 0
34 0 0
34 0 0
34 0 0
34 0 0
34 0 0
34 0 0
34 0 0
34 0 0
34 0 0
34 0 0
34 0 0
34 0 0
34 0 0
34 0 0
34 0 0
34 0 0
34 0 0
34 0 0
34 0 0
34 0 0
34 0 0
34 0 0
34 0 0
34 0 0
34 0 0
34 0 0
34 0 0
34 0 0
34 0 0
34 0 0
34 0 0
34 0 0
34 0 0
34 0 0
34 0 0
34 0 0
34 0 0
34 0 0
34 0 0
34 0 0
34 0 0
34 0 0
34 0 0
34 0 0
34 0 0
34 0 0
34 0 0
34 0 0
34 0 0
34 0 0
34 0 0
34 0 0
34 0 0
34 0 0
34 0 0
34 0 0
34 0 0
34 0 0
34 0 0
34 0 0
34 0 0
34 0 0
34 0 0
34 0 0
34 0 0
34 0 0
34 0 0
34 0 0
34 0 0
34 0 0
34 0 0
34 0 0
34 0 0
34 0 0
34 0 0
34 0 0
34 0 0
34 0 0
34 0 0
34 0 0
34 0 0
34 0 0
34 0 0
34 0 0
34 0 0
34 0 0
34 0 0
34 0 0
34 0 0
34 0 0
34 0 0
34 0 0
34 0 0
34 0 0
34 0 0
34 0 0
34 0 0
34 0 0
34 0 0
34 0 0
34 0 0
34 0 0
34 0 0
34 0 0
34 0 0
35 0 0
35 0 0
35 0 0
35 0 0
35 0 0
35 0 0
35 0 0
35 0 0
35 0 0
35 0 0
35 0 0
35 0 0
35 0 0
35 0 0
35 0 0
35 0 0
35 0 0
35 0 0
35 0 0
35 0 0
35 0 0
35 0 0
35 0 0
35 0 0
35 0 0
35 0 0
35 0 0
35 0 0
35 0 0
35 0 0
35 0 0
35 0 0
35 0 0
35 0 0
35 0 0
35 0 0
35 0 0
35 0 0
35 0 0
35 0 0
35 0 0
35 0 0
35 0 0
35 0 0
35 0 0
35 0 0
35 0 0
35 0 0
35 0 0
35 0 0
35 0 0
35 0 0
35 0 0
35 0 0
35 0 0
35 0 0
35 0 0
35 0 0
35 0 0
35 0 0
35 0 0
35 0 0
35 0 0
35 0 0
35 0 0
35 0 0
35 0 0
35 0 0
35 0 0
35 0 0
35 0 0
35 0 0
35 0 0
35 0 0
35 0 0
35 0 0
35 0 0
35 0 0
35 0 0
35 0 0
35 0 0
35 0 0
35 0 0
35 0 0
35 0 0
35 0 0
35 0 0
35 0 0
35 0 0
35 0 0
35 0 0
35 0 0
35 0 0
35 0 0
35 0 0
35 0 0
35 0 0
35 0 0
35 0 0
35 0 0
35 0 0
35 0 0
35 0 0
35 0 0
35 0 0
36 0 0
36 0 0
36 0 0
36 0 0
36 0 0
36 0 0
36 0 0
36 0 0
36 0 0
36 0 0
36 0 0
36 0 0
36 0 0
36 0 0
36 0 0
36 0 0
36 0 0
36 0 0
36 0 0
36 0 0
36 0 0
36 0 0
36 0 0
36 0 0
36 0 0
36 0 0
36 0 0
36 0 0
36 0 0
36 0 0
36 0 0
36 0 0
36 0 0
36 0 0
36 0 0
36 0 0
36 0 0
36 0 0
36 0 0
36 0 0
36 0 0
36 0 0
36 0 0
36 0 0
36 0 0
36 0 0
36 0 0
36 0 0
36 0 0
36 0 0
36 0 0
36 0 0
36 0 0
36 0 0
36 0 0
36 0 0
36 0 0
36 0 0
36 0 0
36 0 0
36 0 0
36 0 0
36 0 0
36 0 0
36 0 0
36 0 0
36 0 0
36 0 0
36 0 0
36 0 0
36 0 0
36 0 0
36 0 0
36 0 0
36 0 0
36 0 0
36 0 0
36 0 0
36 0 0
36 0 0
36 0 0
36 0 0
36 0 0
36 0 0
36 0 0
36 0 0
36 0 0
36 0 0
36 0 0
36 0 0
36 0 0
36 0 0
36 0 0
36 0 0
36 0 0
36 0 0
36 0 0
36 0 0
36 0 0
36 0 0
36 0 0
36 0 0
36 0 0
36 0 0
36 0 0
37 0 0
37 0 0
37 0 0
37 0 0
37 0 0
37 0 0
37 0 0
37 0 0
37 0 0
37 0 0
37 0 0
37 0 0
37 0 0
37 0 0
37 0 0
37 0 0
37 0 0
37 0 0
37 0 0
37 0 0
37 0 0
37 0 0
37 0 0
37 0 0
37 0 0
37 0 0
37 0 0
37 0 0
37 0 0
37 0 0
37 0 0
37 0 0
37 0 0
37 0 0
37 0 0
37 0 0
37 0 0
37 0 0
37 0 0
37 0 0
37 0 0
37 0 0
37 0 0
37 0 0
37 0 0
37 0 0
37 0 0
37 0 0
37 0 0
37 0 0
37 0 0
37 0 0
37 0 0
37 0 0
37 0 0
37 0 0
37 0 0
37 0 0
37 0 0
37 0 0
37 0 0
37 0 0
37 0 0
37 0 0
37 0 0
37 0 0
37 0 0
37 0 0
37 0 0
37 0 0
37 0 0
37 0 0
37 0 0
37 0 0
37 0 0
37 0 0
37 0 0
37 0 0
37 0 0
37 0 0
37 0 0
37 0 0
37 0 0
37 0 0
37 0 0
37 0 0
37 0 0
37 0 0
37 0 0
37 0 0
37 0 0
37 0 0
37 0 0
37 0 0
37 0 0
37 0 0
37 0 0
37 0 0
37 0 0
37 0 0
37 0 0
37 0 0
37 0 0
37 0 0
37 0 0
38 0 0
38 0 0
38 0 0
38 0 0
38 0 0
38 0 0
38 0 0
38 0 0
38 0 0
38 0 0
38 0 0
38 0 0
38 0 0
38 0 0
38 0 0
38 0 0
38 0 0
38 0 0
38 0 0
38 0 0
38 0 0
38 0 0
38 0 0
38 0 0
38 0 0
38 0 0
38 0 0
38 0 0
38 0 0
38 0 0
38 0 0
38 0 0
38 0 0
38 0 0
38 0 0
38 0 0
38 0 0
38 0 0
38 0 0
38 0 0
38 0 0
38 0 0
38 0 0
38 0 0
38 0 0
38 0 0
38 0 0
38 0 0
38 0 0
38 0 0
38 0 0
38 0 0
38 0 0
38 0 0
38 0 0
38 0 0
38 0 0
38 0 0
38 0 0
38 0 0
38 0 0
38 0 0
38 0 0
38 0 0
38 0 0
38 0 0
38 0 0
38 0 0
38 0 0
38 0 0
38 0 0
38 0 0
38 0 0
38 0 0
38 0 0
38 0 0
38 0 0
38 0 0
38 0 0
38 0 0
38 0 0
38 0 0
38 0 0
38 0 0
38 0 0
38 0 0
38 0 0
38 0 0
38 0 0
38 0 0
38 0 0
38 0 0
38 0 0
38 0 0
38 0 0
38 0 0
38 0 0
38 0 0
38 0 0
38 0 0
38 0 0
38 0 0
38 0 0
38 0 0
38 0 0
39 0 0
39 0 0
39 0 0
39 0 0
39 0 0
39 0 0
39 0 0
39 0 0
39 0 0
39 0 0
39 0 0
39 0 0
39 0 0
39 0 0
39 0 0
39 0 0
39 0 0
39 0 0
39 0 0
39 0 0
39 0 0
39 0 0
39 0 0
39 0 0
39 0 0
39 0 0
39 0 0
39 0 0
39 0 0
39 0 0
39 0 0
39 0 0
39 0 0
39 0 0
39 0 0
39 0 0
39 0 0
39 0 0
39 0 0
39 0 0
39 0 0
39 0 0
39 0 0
39 0 0
39 0 0
39 0 0
39 0 0
39 0 0
39 0 0
39 0 0
39 0 0
39 0 0
39 0 0
39 0 0
39 0 0
39 0 0
39 0 0
39 0 0
39 0 0
39 0 0
39 0 0
39 0 0
39 0 0
39 0 0
39 0 0
39 0 0
39 0 0
39 0 0
39 0 0
39 0 0
39 0 0
39 0 0
39 0 0
39 0 0
39 0 0
39 0 0
39 0 0
39 0 0
39 0 0
39 0 0
39 0 0
39 0 0
39 0 0
39 0 0
39 0 0
39 0 0
39 0 0
39 0 0
39 0 0
39 0 0
39 0 0
39 0 0
39 0 0
39 0 0
39 0 0
39 0 0
39 0 0
39 0 0
39 0 0
39 0 0
39 0 0
39 0 0
39 0 0
39 0 0
39 0 0
40 0 0
40 0 0
40 0 0
40 0 0
40 0 0
40 0 0
40 0 0
40 0 0
40 0 0
40 0 0
40 0 0
40 0 0
40 0 0
40 0 0
40 0 0
40 0 0
40 0 0
40 0 0
40 0 0
40 0 0
40 0 0
40 0 0
40 0 0
40 0 0
40 0 0
40 0 0
40 0 0
40 0 0
40 0 0
40 0 0
40 0 0
40 0 0
40 0 0
40 0 0
40 0 0
40 0 0
40 0 0
40 0 0
40 0 0
40 0 0
40 0 0
40 0 0
40 0 0
40 0 0
40 0 0
40 0 0
40 0 0
40 0 0
40 0 0
40 0 0
40 0 0
40 0 0
40 0 0
40 0 0
40 0 0
40 0 0
40 0 0
40 0 0
40 0 0
40 0 0
40 0 0
40 0 0
40 0 0
40 0 0
40 0 0
40 0 0
40 0 0
40 0 0
40 0 0
40 0 0
40 0 0
40 0 0
40 0 0
40 0 0
40 0 0
40 0 0
40 0 0
40 0 0
40 0 0
40 0 0
40 0 0
40 0 0
40 0 0
40 0 0
40 0 0
40 0 0
40 0 0
40 0 0
40 0 0
40 0 0
40 0 0
40 0 0
40 0 0
40 0 0
40 0 0
40 0 0
40 0 0
40 0 0
40 0 0
40 0 0
40 0 0
40 0 0
40 0 0
40 0 0
40 0 0
41 0 0
41 0 0
41 0 0
41 0 0
41 0 0
41 0 0
41 0 0
41 0 0
41 0 0
41 0 0
41 0 0
41 0 0
41 0 0
41 0 0
41 0 0
41 0 0
41 0 0
41 0 0
41 0 0
41 0 0
41 0 0
41 0 0
41 0 0
41 0 0
41 0 0
41 0 0
41 0 0
41 0 0
41 0 0
41 0 0
41 0 0
41 0 0
41 0 0
41 0 0
41 0 0
41 0 0
41 0 0
41 0 0
41 0 0
41 0 0
41 0 0
41 0 0
41 0 0
41 0 0
41 0 0
41 0 0
41 0 0
41 0 0
41 0 0
41 0 0
41 0 0
41 0 0
41 0 0
41 0 0
41 0 0
41 0 0
41 0 0
41 0 0
41 0 0
41 0 0
41 0 0
41 0 0
41 0 0
41 0 0
41 0 0
41 0 0
41 0 0
41 0 0
41 0 0
41 0 0
41 0 0
41 0 0
41 0 0
41 0 0
41 0 0
41 0 0
41 0 0
41 0 0
41 0 0
41 0 0
41 0 0
41 0 0
41 0 0
41 0 0
41 0 0
41 0 0
41 0 0
41 0 0
41 0 0
41 0 0
41 0 0
41 0 0
41 0 0
41 0 0
41 0 0
41 0 0
41 0 0
41 0 0
41 0 0
41 0 0
41 0 0
41 0 0
41 0 0
41 0 0
41 0 0
42 0 0
42 0 0
42 0 0
42 0 0
42 0 0
42 0 0
42 0 0
42 0 0
42 0 0
42 0 0
42 0 0
42 0 0
42 0 0
42 0 0
42 0 0
42 0 0
42 0 0
42 0 0
42 0 0
42 0 0
42 0 0
42 0 0
42 0 0
42 0 0
42 0 0
42 0 0
42 0 0
42 0 0
42 0 0
42 0 0
42 0 0
42 0 0
42 0 0
42 0 0
42 0 0
42 0 0
42 0 0
42 0 0
42 0 0
42 0 0
42 0 0
42 0 0
42 0 0
42 0 0
42 0 0
42 0 0
42 0 0
42 0 0
42 0 0
42 0 0
42 0 0
42 0 0
42 0 0
42 0 0
42 0 0
42 0 0
42 0 0
42 0 0
42 0 0
42 0 0
42 0 0
42 0 0
42 0 0
42 0 0
42 0 0
42 0 0
42 0 0
42 0 0
42 0 0
42 0 0
42 0 0
42 0 0
42 0 0
42 0 0
42 0 0
42 0 0
42 0 0
42 0 0
42 0 0
42 0 0
42 0 0
42 0 0
42 0 0
42 0 0
42 0 0
42 0 0
42 0 0
42 0 0
42 0 0
42 0 0
42 0 0
42 0 0
42 0 0
42 0 0
42 0 0
42 0 0
42 0 0
42 0 0
42 0 0
42 0 0
42 0 0
42 0 0
42 0 0
42 0 0
42 0 0
43 0 0
43 0 0
43 0 0
43 0 0
43 0 0
43 0 0
43 0 0
43 0 0
43 0 0
43 0 0
43 0 0
43 0 0
43 0 0
43 0 0
43 0 0
43 0 0
43 0 0
43 0 0
43 0 0
43 0 0
43 0 0
43 0 0
43 0 0
43 0 0
43 0 0
43 0 0
43 0 0
43 0 0
43 0 0
43 0 0
43 0 0
43 0 0
43 0 0
43 0 0
43 0 0
43 0 0
43 0 0
43 0 0
43 0 0
43 0 0
43 0 0
43 0 0
43 0 0
43 0 0
43 0 0
43 0 0
43 0 0
43 0 0
43 0 0
43 0 0
43 0 0
43 0 0
43 0 0
43 0 0
43 0 0
43 0 0
43 0 0
43 0 0
43 0 0
43 0 0
43 0 0
43 0 0
43 0 0
43 0 0
43 0 0
43 0 0
43 0 0
43 0 0
43 0 0
43 0 0
43 0 0
43 0 0
43 0 0
43 0 0
43 0 0
43 0 0
43 0 0
43 0 0
43 0 0
43 0 0
43 0 0
43 0 0
43 0 0
43 0 0
43 0 0
43 0 0
43 0 0
43 0 0
43 0 0
43 0 0
43 0 0
43 0 0
43 0 0
43 0 0
43 0 0
43 0 0
43 0 0
43 0 0
43 0 0
43 0 0
43 0 0
43 0 0
43 0 0
43 0 0
43 0 0
44 0 0
44 0 0
44 0 0
44 0 0
44 0 0
44 0 0
44 0 0
44 0 0
44 0 0
44 0 0
44 0 0
44 0 0
44 0 0
44 0 0
44 0 0
44 0 0
44 0 0
44 0 0
44 0 0
44 0 0
44 0 0
44 0 0
44 0 0
44 0 0
44 0 0
44 0 0
44 0 0
44 0 0
44 0 0
44 0 0
44 0 0
44 0 0
44 0 0
44 0 0
44 0 0
44 0 0
44 0 0
44 0 0
44 0 0
44 0 0
44 0 0
44 0 0
44 0 0
44 0 0
44 0 0
44 0 0
44 0 0
44 0 0
44 0 0
44 0 0
44 0 0
44 0 0
44 0 0
44 0 0
44 0 0
44 0 0
44 0 0
44 0 0
44 0 0
44 0 0
44 0 0
44 0 0
44 0 0
44 0 0
44 0 0
44 0 0
44 0 0
44 0 0
44 0 0
44 0 0
44 0 0
44 0 0
44 0 0
44 0 0
44 0 0
44 0 0
44 0 0
44 0 0
44 0 0
44 0 0
44 0 0
44 0 0
44 0 0
44 0 0
44 0 0
44 0 0
44 0 0
44 0 0
44 0 0
44 0 0
44 0 0
44 0 0
44 0 0
44 0 0
44 0 0
44 0 0
44 0 0
44 0 0
44 0 0
44 0 0
44 0 0
44 0 0
44 0 0
44 0 0
44 0 0
45 0 0
45 0 0
45 0 0
45 0 0
45 0 0
45 0 0
45 0 0
45 0 0
45 0 0
45 0 0
45 0 0
45 0 0
45 0 0
45 0 0
45 0 0
45 0 0
45 0 0
45 0 0
45 0 0
45 0 0
45 0 0
45 0 0
45 0 0
45 0 0
45 0 0
45 0 0
45 0 0
45 0 0
45 0 0
45 0 0
45 0 0
45 0 0
45 0 0
45 0 0
45 0 0
45 0 0
45 0 0
45 0 0
45 0 0
45 0 0
45 0 0
45 0 0
45 0 0
45 0 0
45 0 0
45 0 0
45 0 0
45 0 0
45 0 0
45 0 0
45 0 0
45 0 0
45 0 0
45 0 0
45 0 0
45 0 0
45 0 0
45 0 0
45 0 0
45 0 0
45 0 0
45 0 0
45 0 0
45 0 0
45 0 0
45 0 0
45 0 0
45 0 0
45 0 0
45 0 0
45 0 0
45 0 0
45 0 0
45 0 0
45 0 0
45 0 0
45 0 0
45 0 0
45 0 0
45 0 0
45 0 0
45 0 0
45 0 0
45 0 0
45 0 0
45 0 0
45 0 0
45 0 0
45 0 0
45 0 0
45 0 0
45 0 0
45 0 0
45 0 0
45 0 0
45 0 0
45 0 0
45 0 0
45 0 0
45 0 0
45 0 0
45 0 0
45 0 0
45 0 0
45 0 0
46 0 0
46 0 0
46 0 0
46 0 0
46 0 0
46 0 0
46 0 0
46 0 0
46 0 0
46 0 0
46 0 0
46 0 0
46 0 0
46 0 0
46 0 0
46 0 0
46 0 0
46 0 0
46 0 0
46 0 0
46 0 0
46 0 0
46 0 0
46 0 0
46 0 0
46 0 0
46 0 0
46 0 0
46 0 0
46 0 0
46 0 0
46 0 0
46 0 0
46 0 0
46 0 0
46 0 0
46 0 0
46 0 0
46 0 0
46 0 0
46 0 0
46 0 0
46 0 0
46 0 0
46 0 0
46 0 0
46 0 0
46 0 0
46 0 0
46 0 0
46 0 0
46 0 0
46 0 0
46 0 0
46 0 0
46 0 0
46 0 0
46 0 0
46 0 0
46 0 0
46 0 0
46 0 0
46 0 0
46 0 0
46 0 0
46 0 0
46 0 0
46 0 0
46 0 0
46 0 0
46 0 0
46 0 0
46 0 0
46 0 0
46 0 0
46 0 0
46 0 0
46 0 0
46 0 0
46 0 0
46 0 0
46 0 0
46 0 0
46 0 0
46 0 0
46 0 0
46 0 0
46 0 0
46 0 0
46 0 0
46 0 0
46 0 0
46 0 0
46 0 0
46 0 0
46 0 0
46 0 0
46 0 0
46 0 0
46 0 0
46 0 0
46 0 0
46 0 0
46 0 0
46 0 0
47 0 0
47 0 0
47 0 0
47 0 0
47 0 0
47 0 0
47 0 0
47 0 0
47 0 0
47 0 0
47 0 0
47 0 0
47 0 0
47 0 0
47 0 0
47 0 0
47 0 0
47 0 0
47 0 0
47 0 0
47 0 0
47 0 0
47 0 0
47 0 0
47 0 0
47 0 0
47 0 0
47 0 0
47 0 0
47 0 0
47 0 0
47 0 0
47 0 0
47 0 0
47 0 0
47 0 0
47 0 0
47 0 0
47 0 0
47 0 0
47 0 0
47 0 0
47 0 0
47 0 0
47 0 0
47 0 0
47 0 0
47 0 0
47 0 0
47 0 0
47 0 0
47 0 0
47 0 0
47 0 0
47 0 0
47 0 0
47 0 0
47 0 0
47 0 0
47 0 0
47 0 0
47 0 0
47 0 0
47 0 0
47 0 0
47 0 0
47 0 0
47 0 0
47 0 0
47 0 0
47 0 0
47 0 0
47 0 0
47 0 0
47 0 0
47 0 0
47 0 0
47 0 0
47 0 0
47 0 0
47 0 0
47 0 0
47 0 0
47 0 0
47 0 0
47 0 0
47 0 0
47 0 0
47 0 0
47 0 0
47 0 0
47 0 0
47 0 0
47 0 0
47 0 0
47 0 0
47 0 0
47 0 0
47 0 0
47 0 0
47 0 0
47 0 0
47 0 0
47 0 0
47 0 0
48 0 0
48 0 0
48 0 0
48 0 0
48 0 0
48 0 0
48 0 0
48 0 0
48 0 0
48 0 0
48 0 0
48 0 0
48 0 0
48 0 0
48 0 0
48 0 0
48 0 0
48 0 0
48 0 0
48 0 0
48 0 0
48 0 0
48 0 0
48 0 0
48 0 0
48 0 0
48 0 0
48 0 0
48 0 0
48 0 0
48 0 0
48 0 0
48 0 0
48 0 0
48 0 0
48 0 0
48 0 0
48 0 0
48 0 0
48 0 0
48 0 0
48 0 0
48 0 0
48 0 0
48 0 0
48 0 0
48 0 0
48 0 0
48 0 0
48 0 0
48 0 0
48 0 0
48 0 0
48 0 0
48 0 0
48 0 0
48 0 0
48 0 0
48 0 0
48 0 0
48 0 0
48 0 0
48 0 0
48 0 0
48 0 0
48 0 0
48 0 0
48 0 0
48 0 0
48 0 0
48 0 0
48 0 0
48 0 0
48 0 0
48 0 0
48 0 0
48 0 0
48 0 0
48 0 0
48 0 0
48 0 0
48 0 0
48 0 0
48 0 0
48 0 0
48 0 0
48 0 0
48 0 0
48 0 0
48 0 0
48 0 0
48 0 0
48 0 0
48 0 0
48 0 0
48 0 0
48 0 0
48 0 0
48 0 0
48 0 0
48 0 0
48 0 0
48 0 0
48 0 0
48 0 0
49 0 0
49 0 0
49 0 0
49 0 0
49 0 0
49 0 0
49 0 0
49 0 0
49 0 0
49 0 0
49 0 0
49 0 0
49 0 0
49 0 0
49 0 0
49 0 0
49 0 0
49 0 0
49 0 0
49 0 0
49 0 0
49 0 0
49 0 0
49 0 0
49 0 0
49 0 0
49 0 0
49 0 0
49 0 0
49 0 0
49 0 0
49 0 0
49 0 0
49 0 0
49 0 0
49 0 0
49 0 0
49 0 0
49 0 0
49 0 0
49 0 0
49 0 0
49 0 0
49 0 0
49 0 0
49 0 0
49 0 0
49 0 0
49 0 0
49 0 0
49 0 0
49 0 0
49 0 0
49 0 0
49 0 0
49 0 0
49 0 0
49 0 0
49 0 0
49 0 0
49 0 0
49 0 0
49 0 0
49 0 0
49 0 0
49 0 0
49 0 0
49 0 0
49 0 0
49 0 0
49 0 0
49 0 0
49 0 0
49 0 0
49 0 0
49 0 0
49 0 0
49 0 0
49 0 0
49 0 0
49 0 0
49 0 0
49 0 0
49 0 0
49 0 0
49 0 0
49 0 0
49 0 0
49 0 0
49 0 0
49 0 0
49 0 0
49 0 0
49 0 0
49 0 0
49 0 0
49 0 0
49 0 0
49 0 0
49 0 0
49 0 0
49 0 0
49 0 0
49 0 0
49 0 0
50 0 0
50 0 0
50 0 0
50 0 0
50 0 0
50 0 0
50 0 0
50 0 0
50 0 0
50 0 0
50 0 0
50 0 0
50 0 0
50 0 0
50 0 0
50 0 0
50 0 0
50 0 0
50 0 0
50 0 0
50 0 0
50 0 0
50 0 0
50 0 0
50 0 0
50 0 0
50 0 0
50 0 0
50 0 0
50 0 0
50 0 0
50 0 0
50 0 0
50 0 0
50 0 0
50 0 0
50 0 0
50 0 0
50 0 0
50 0 0
50 0 0
50 0 0
50 0 0
50 0 0
50 0 0
50 0 0
50 0 0
50 0 0
50 0 0
50 0 0
50 0 0
50 0 0
50 0 0
50 0 0
50 0 0
50 0 0
50 0 0
50 0 0
50 0 0
50 0 0
50 0 0
50 0 0
50 0 0
50 0 0
50 0 0
50 0 0
50 0 0
50 0 0
50 0 0
50 0 0
50 0 0
50 0 0
50 0 0
50 0 0
50 0 0
50 0 0
50 0 0
50 0 0
50 0 0
50 0 0
50 0 0
50 0 0
50 0 0
50 0 0
50 0 0
50 0 0
50 0 0
50 0 0
50 0 0
50 0 0
50 0 0
50 0 0
50 0 0
50 0 0
50 0 0
50 0 0
50 0 0
50 0 0
50 0 0
50 0 0
50 0 0
50 0 0
50 0 0
50 0 0
50 0 0
51 0 0
51 0 0
51 0 0
51 0 0
51 0 0
51 0 0
51 0 0
51 0 0
51 0 0
51 0 0
51 0 0
51 0 0
51 0 0
51 0 0
51 0 0
51 0 0
51 0 0
51 0 0
51 0 0
51 0 0
51 0 0
51 0 0
51 0 0
51 0 0
51 0 0
51 0 0
51 0 0
51 0 0
51 0 0
51 0 0
51 0 0
51 0 0
51 0 0
51 0 0
51 0 0
51 0 0
51 0 0
51 0 0
51 0 0
51 0 0
51 0 0
51 0 0
51 0 0
51 0 0
51 0 0
51 0 0
51 0 0
51 0 0
51 0 0
51 0 0
51 0 0
51 0 0
51 0 0
51 0 0
51 0 0
51 0 0
51 0 0
51 0 0
51 0 0
51 0 0
51 0 0
51 0 0
51 0 0
51 0 0
51 0 0
51 0 0
51 0 0
51 0 0
51 0 0
51 0 0
51 0 0
51 0 0
51 0 0
51 0 0
51 0 0
51 0 0
51 0 0
51 0 0
51 0 0
51 0 0
51 0 0
51 0 0
51 0 0
51 0 0
51 0 0
51 0 0
51 0 0
51 0 0
51 0 0
51 0 0
51 0 0
51 0 0
51 0 0
51 0 0
51 0 0
51 0 0
51 0 0
51 0 0
51 0 0
51 0 0
51 0 0
51 0 0
51 0 0
51 0 0
51 0 0
52 0 0
52 0 0
52 0 0
52 0 0
52 0 0
52 0 0
52 0 0
52 0 0
52 0 0
52 0 0
52 0 0
52 0 0
52 0 0
52 0 0
52 0 0
52 0 0
52 0 0
52 0 0
52 0 0
52 0 0
52 0 0
52 0 0
52 0 0
52 0 0
52 0 0
52 0 0
52 0 0
52 0 0
52 0 0
52 0 0
52 0 0
52 0 0
52 0 0
52 0 0
52 0 0
52 0 0
52 0 0
52 0 0
52 0 0
52 0 0
52 0 0
52 0 0
52 0 0
52 0 0
52 0 0
52 0 0
52 0 0
52 0 0
52 0 0
52 0 0
52 0 0
52 0 0
52 0 0
52 0 0
52 0 0
52 0 0
52 0 0
52 0 0
52 0 0
52 0 0
52 0 0
52 0 0
52 0 0
52 0 0
52 0 0
52 0 0
52 0 0
52 0 0
52 0 0
52 0 0
52 0 0
52 0 0
52 0 0
52 0 0
52 0 0
52 0 0
52 0 0
52 0 0
52 0 0
52 0 0
52 0 0
52 0 0
52 0 0
52 0 0
52 0 0
52 0 0
52 0 0
52 0 0
52 0 0
52 0 0
52 0 0
52 0 0
52 0 0
52 0 0
52 0 0
52 0 0
52 0 0
52 0 0
52 0 0
52 0 0
52 0 0
52 0 0
52 0 0
52 0 0
52 0 0
53 0 0
53 0 0
53 0 0
53 0 0
53 0 0
53 0 0
53 0 0
53 0 0
53 0 0
53 0 0
53 0 0
53 0 0
53 0 0
53 0 0
53 0 0
53 0 0
53 0 0
53 0 0
53 0 0
53 0 0
53 0 0
53 0 0
53 0 0
53 0 0
53 0 0
53 0 0
53 0 0
53 0 0
53 0 0
53 0 0
53 0 0
53 0 0
53 0 0
53 0 0
53 0 0
53 0 0
53 0 0
53 0 0
53 0 0
53 0 0
53 0 0
53 0 0
53 0 0
53 0 0
53 0 0
53 0 0
53 0 0
53 0 0
53 0 0
53 0 0
53 0 0
53 0 0
53 0 0
53 0 0
53 0 0
53 0 0
53 0 0
53 0 0
53 0 0
53 0 0
53 0 0
53 0 0
53 0 0
53 0 0
53 0 0
53 0 0
53 0 0
53 0 0
53 0 0
53 0 0
53 0 0
53 0 0
53 0 0
53 0 0
53 0 0
53 0 0
53 0 0
53 0 0
53 0 0
53 0 0
53 0 0
53 0 0
53 0 0
53 0 0
53 0 0
53 0 0
53 0 0
53 0 0
53 0 0
53 0 0
53 0 0
53 0 0
53 0 0
53 0 0
53 0 0
53 0 0
53 0 0
53 0 0
53 0 0
53 0 0
53 0 0
53 0 0
53 0 0
53 0 0
53 0 0
54 0 0
54 0 0
54 0 0
54 0 0
54 0 0
54 0 0
54 0 0
54 0 0
54 0 0
54 0 0
54 0 0
54 0 0
54 0 0
54 0 0
54 0 0
54 0 0
54 0 0
54 0 0
54 0 0
54 0 0
54 0 0
54 0 0
54 0 0
54 0 0
54 0 0
54 0 0
54 0 0
54 0 0
54 0 0
54 0 0
54 0 0
54 0 0
54 0 0
54 0 0
54 0 0
54 0 0
54 0 0
54 0 0
54 0 0
54 0 0
54 0 0
54 0 0
54 0 0
54 0 0
54 0 0
54 0 0
54 0 0
54 0 0
54 0 0
54 0 0
54 0 0
54 0 0
54 0 0
54 0 0
54 0 0
54 0 0
54 0 0
54 0 0
54 0 0
54 0 0
54 0 0
54 0 0
54 0 0
54 0 0
54 0 0
54 0 0
54 0 0
54 0 0
54 0 0
54 0 0
54 0 0
54 0 0
54 0 0
54 0 0
54 0 0
54 0 0
54 0 0
54 0 0
54 0 0
54 0 0
54 0 0
54 0 0
54 0 0
54 0 0
54 0 0
54 0 0
54 0 0
54 0 0
54 0 0
54 0 0
54 0 0
54 0 0
54 0 0
54 0 0
54 0 0
54 0 0
54 0 0
54 0 0
54 0 0
54 0 0
54 0 0
54 0 0
54 0 0
54 0 0
54 0 0
55 0 0
55 0 0
55 0 0
55 0 0
55 0 0
55 0 0
55 0 0
55 0 0
55 0 0
55 0 0
55 0 0
55 0 0
55 0 0
55 0 0
55 0 0
55 0 0
55 0 0
55 0 0
55 0 0
55 0 0
55 0 0
55 0 0
55 0 0
55 0 0
55 0 0
55 0 0
55 0 0
55 0 0
55 0 0
55 0 0
55 0 0
55 0 0
55 0 0
55 0 0
55 0 0
55 0 0
55 0 0
55 0 0
55 0 0
55 0 0
55 0 0
55 0 0
55 0 0
55 0 0
55 0 0
55 0 0
55 0 0
55 0 0
55 0 0
55 0 0
55 0 0
55 0 0
55 0 0
55 0 0
55 0 0
55 0 0
55 0 0
55 0 0
55 0 0
55 0 0
55 0 0
55 0 0
55 0 0
55 0 0
55 0 0
55 0 0
55 0 0
55 0 0
55 0 0
55 0 0
55 0 0
55 0 0
55 0 0
55 0 0
55 0 0
55 0 0
55 0 0
55 0 0
55 0 0
55 0 0
55 0 0
55 0 0
55 0 0
55 0 0
55 0 0
55 0 0
55 0 0
55 0 0
55 0 0
55 0 0
55 0 0
55 0 0
55 0 0
55 0 0
55 0 0
55 0 0
55 0 0
55 0 0
55 0 0
55 0 0
55 0 0
55 0 0
55 0 0
55 0 0
55 0 0
56 0 0
56 0 0
56 0 0
56 0 0
56 0 0
56 0 0
56 0 0
56 0 0
56 0 0
56 0 0
56 0 0
56 0 0
56 0 0
56 0 0
56 0 0
56 0 0
56 0 0
56 0 0
56 0 0
56 0 0
56 0 0
56 0 0
56 0 0
56 0 0
56 0 0
56 0 0
56 0 0
56 0 0
56 0 0
56 0 0
56 0 0
56 0 0
56 0 0
56 0 0
56 0 0
56 0 0
56 0 0
56 0 0
56 0 0
56 0 0
56 0 0
56 0 0
56 0 0
56 0 0
56 0 0
56 0 0
56 0 0
56 0 0
56 0 0
56 0 0
56 0 0
56 0 0
56 0 0
56 0 0
56 0 0
56 0 0
56 0 0
56 0 0
56 0 0
56 0 0
56 0 0
56 0 0
56 0 0
56 0 0
56 0 0
56 0 0
56 0 0
56 0 0
56 0 0
56 0 0
56 0 0
56 0 0
56 0 0
56 0 0
56 0 0
56 0 0
56 0 0
56 0 0
56 0 0
56 0 0
56 0 0
56 0 0
56 0 0
56 0 0
56 0 0
56 0 0
56 0 0
56 0 0
56 0 0
56 0 0
56 0 0
56 0 0
56 0 0
56 0 0
56 0 0
56 0 0
56 0 0
56 0 0
56 0 0
56 0 0
56 0 0
56 0 0
56 0 0
56 0 0
56 0 0
57 0 0
57 0 0
57 0 0
57 0 0
57 0 0
57 0 0
57 0 0
57 0 0
57 0 0
57 0 0
57 0 0
57 0 0
57 0 0
57 0 0
57 0 0
57 0 0
57 0 0
57 0 0
57 0 0
57 0 0
57 0 0
57 0 0
57 0 0
57 0 0
57 0 0
57 0 0
57 0 0
57 0 0
57 0 0
57 0 0
57 0 0
57 0 0
57 0 0
57 0 0
57 0 0
57 0 0
57 0 0
57 0 0
57 0 0
57 0 0
57 0 0
57 0 0
57 0 0
57 0 0
57 0 0
57 0 0
57 0 0
57 0 0
57 0 0
57 0 0
57 0 0
57 0 0
57 0 0
57 0 0
57 0 0
57 0 0
57 0 0
57 0 0
57 0 0
57 0 0
57 0 0
57 0 0
57 0 0
57 0 0
57 0 0
57 0 0
57 0 0
57 0 0
57 0 0
57 0 0
57 0 0
57 0 0
57 0 0
57 0 0
57 0 0
57 0 0
57 0 0
57 0 0
57 0 0
57 0 0
57 0 0
57 0 0
57 0 0
57 0 0
57 0 0
57 0 0
57 0 0
57 0 0
57 0 0
57 0 0
57 0 0
57 0 0
57 0 0
57 0 0
57 0 0
57 0 0
57 0 0
57 0 0
57 0 0
57 0 0
57 0 0
57 0 0
57 0 0
57 0 0
57 0 0
58 0 0
58 0 0
58 0 0
58 0 0
58 0 0
58 0 0
58 0 0
58 0 0
58 0 0
58 0 0
58 0 0
58 0 0
58 0 0
58 0 0
58 0 0
58 0 0
58 0 0
58 0 0
58 0 0
58 0 0
58 0 0
58 0 0
58 0 0
58 0 0
58 0 0
58 0 0
58 0 0
58 0 0
58 0 0
58 0 0
58 0 0
58 0 0
58 0 0
58 0 0
58 0 0
58 0 0
58 0 0
58 0 0
58 0 0
58 0 0
58 0 0
58 0 0
58 0 0
58 0 0
58 0 0
58 0 0
58 0 0
58 0 0
58 0 0
58 0 0
58 0 0
58 0 0
58 0 0
58 0 0
58 0 0
58 0 0
58 0 0
58 0 0
58 0 0
58 0 0
58 0 0
58 0 0
58 0 0
58 0 0
58 0 0
58 0 0
58 0 0
58 0 0
58 0 0
58 0 0
58 0 0
58 0 0
58 0 0
58 0 0
58 0 0
58 0 0
58 0 0
58 0 0
58 0 0
58 0 0
58 0 0
58 0 0
58 0 0
58 0 0
58 0 0
58 0 0
58 0 0
58 0 0
58 0 0
58 0 0
58 0 0
58 0 0
58 0 0
58 0 0
58 0 0
58 0 0
58 0 0
58 0 0
58 0 0
58 0 0
58 0 0
58 0 0
58 0 0
58 0 0
58 0 0
59 0 0
59 0 0
59 0 0
59 0 0
59 0 0
59 0 0
59 0 0
59 0 0
59 0 0
59 0 0
59 0 0
59 0 0
59 0 0
59 0 0
59 0 0
59 0 0
59 0 0
59 0 0
59 0 0
59 0 0
59 0 0
59 0 0
59 0 0
59 0 0
59 0 0
59 0 0
59 0 0
59 0 0
59 0 0
59 0 0
59 0 0
59 0 0
59 0 0
59 0 0
59 0 0
59 0 0
59 0 0
59 0 0
59 0 0
59 0 0
59 0 0
59 0 0
59 0 0
59 0 0
59 0 0
59 0 0
59 0 0
59 0 0
59 0 0
59 0 0
59 0 0
59 0 0
59 0 0
59 0 0
59 0 0
59 0 0
59 0 0
59 0 0
59 0 0
59 0 0
59 0 0
59 0 0
59 0 0
59 0 0
59 0 0
59 0 0
59 0 0
59 0 0
59 0 0
59 0 0
59 0 0
59 0 0
59 0 0
59 0 0
59 0 0
59 0 0
59 0 0
59 0 0
59 0 0
59 0 0
59 0 0
59 0 0
59 0 0
59 0 0
59 0 0
59 0 0
59 0 0
59 0 0
59 0 0
59 0 0
59 0 0
59 0 0
59 0 0
59 0 0
59 0 0
59 0 0
59 0 0
59 0 0
59 0 0
59 0 0
59 0 0
59 0 0
59 0 0
59 0 0
59 0 0
60 0 0
60 0 0
60 0 0
60 0 0
60 0 0
60 0 0
60 0 0
60 0 0
60 0 0
60 0 0
60 0 0
60 0 0
60 0 0
60 0 0
60 0 0
60 0 0
60 0 0
60 0 0
60 0 0
60 0 0
60 0 0
60 0 0
60 0 0
60 0 0
60 0 0
60 0 0
60 0 0
60 0 0
60 0 0
60 0 0
60 0 0
60 0 0
60 0 0
60 0 0
60 0 0
60 0 0
60 0 0
60 0 0
60 0 0
60 0 0
60 0 0
60 0 0
60 0 0
60 0 0
60 0 0
60 0 0
60 0 0
60 0 0
60 0 0
60 0 0
60 0 0
60 0 0
60 0 0
60 0 0
60 0 0
60 0 0
60 0 0
60 0 0
60 0 0
60 0 0
60 0 0
60 0 0
60 0 0
60 0 0
60 0 0
60 0 0
60 0 0
60 0 0
60 0 0
60 0 0
60 0 0
60 0 0
60 0 0
60 0 0
60 0 0
60 0 0
60 0 0
60 0 0
60 0 0
60 0 0
60 0 0
60 0 0
60 0 0
60 0 0
60 0 0
60 0 0
60 0 0
60 0 0
60 0 0
60 0 0
60 0 0
60 0 0
60 0 0
60 0 0
60 0 0
60 0 0
60 0 0
60 0 0
60 0 0
60 0 0
60 0 0
60 0 0
60 0 0
60 0 0
60 0 0
61 0 0
61 0 0
61 0 0
61 0 0
61 0 0
61 0 0
61 0 0
61 0 0
61 0 0
61 0 0
61 0 0
61 0 0
61 0 0
61 0 0
61 0 0
61 0 0
61 0 0
61 0 0
61 0 0
61 0 0
61 0 0
61 0 0
61 0 0
61 0 0
61 0 0
61 0 0
61 0 0
61 0 0
61 0 0
61 0 0
61 0 0
61 0 0
61 0 0
61 0 0
61 0 0
61 0 0
61 0 0
61 0 0
61 0 0
61 0 0
61 0 0
61 0 0
61 0 0
61 0 0
61 0 0
61 0 0
61 0 0
61 0 0
61 0 0
61 0 0
61 0 0
61 0 0
61 0 0
61 0 0
61 0 0
61 0 0
61 0 0
61 0 0
61 0 0
61 0 0
61 0 0
61 0 0
61 0 0
61 0 0
61 0 0
61 0 0
61 0 0
61 0 0
61 0 0
61 0 0
61 0 0
61 0 0
61 0 0
61 0 0
61 0 0
61 0 0
61 0 0
61 0 0
61 0 0
61 0 0
61 0 0
61 0 0
61 0 0
61 0 0
61 0 0
61 0 0
61 0 0
61 0 0
61 0 0
61 0 0
61 0 0
61 0 0
61 0 0
61 0 0
61 0 0
61 0 0
61 0 0
61 0 0
61 0 0
61 0 0
61 0 0
61 0 0
61 0 0
61 0 0
61 0 0
62 0 0
62 0 0
62 0 0
62 0 0
62 0 0
62 0 0
62 0 0
62 0 0
62 0 0
62 0 0
62 0 0
62 0 0
62 0 0
62 0 0
62 0 0
62 0 0
62 0 0
62 0 0
62 0 0
62 0 0
62 0 0
62 0 0
62 0 0
62 0 0
62 0 0
62 0 0
62 0 0
62 0 0
62 0 0
62 0 0
62 0 0
62 0 0
62 0 0
62 0 0
62 0 0
62 0 0
62 0 0
62 0 0
62 0 0
62 0 0
62 0 0
62 0 0
62 0 0
62 0 0
62 0 0
62 0 0
62 0 0
62 0 0
62 0 0
62 0 0
62 0 0
62 0 0
62 0 0
62 0 0
62 0 0
62 0 0
62 0 0
62 0 0
62 0 0
62 0 0
62 0 0
62 0 0
62 0 0
62 0 0
62 0 0
62 0 0
62 0 0
62 0 0
62 0 0
62 0 0
62 0 0
62 0 0
62 0 0
62 0 0
62 0 0
62 0 0
62 0 0
62 0 0
62 0 0
62 0 0
62 0 0
62 0 0
62 0 0
62 0 0
62 0 0
62 0 0
62 0 0
62 0 0
62 0 0
62 0 0
62 0 0
62 0 0
62 0 0
62 0 0
62 0 0
62 0 0
62 0 0
62 0 0
62 0 0
62 0 0
62 0 0
62 0 0
62 0 0
62 0 0
62 0 0
63 0 0
63 0 0
63 0 0
63 0 0
63 0 0
63 0 0
63 0 0
63 0 0
63 0 0
63 0 0
63 0 0
63 0 0
63 0 0
63 0 0
63 0 0
63 0 0
63 0 0
63 0 0
63 0 0
63 0 0
63 0 0
63 0 0
63 0 0
63 0 0
63 0 0
63 0 0
63 0 0
63 0 0
63 0 0
63 0 0
63 0 0
63 0 0
63 0 0
63 0 0
63 0 0
63 0 0
63 0 0
63 0 0
63 0 0
63 0 0
63 0 0
63 0 0
63 0 0
63 0 0
63 0 0
63 0 0
63 0 0
63 0 0
63 0 0
63 0 0
63 0 0
63 0 0
63 0 0
63 0 0
63 0 0
63 0 0
63 0 0
63 0 0
63 0 0
63 0 0
63 0 0
63 0 0
63 0 0
63 0 0
63 0 0
63 0 0
63 0 0
63 0 0
63 0 0
63 0 0
63 0 0
63 0 0
63 0 0
63 0 0
63 0 0
63 0 0
63 0 0
63 0 0
63 0 0
63 0 0
63 0 0
63 0 0
63 0 0
63 0 0
63 0 0
63 0 0
63 0 0
63 0 0
63 0 0
63 0 0
63 0 0
63 0 0
63 0 0
63 0 0
63 0 0
63 0 0
63 0 0
63 0 0
63 0 0
63 0 0
63 0 0
63 0 0
63 0 0
63 0 0
63 0 0
64 0 0
64 0 0
64 0 0
64 0 0
64 0 0
64 0 0
64 0 0
64 0 0
64 0 0
64 0 0
64 0 0
64 0 0
64 0 0
64 0 0
64 0 0
64 0 0
64 0 0
64 0 0
64 0 0
64 0 0
64 0 0
64 0 0
64 0 0
64 0 0
64 0 0
64 0 0
64 0 0
64 0 0
64 0 0
64 0 0
64 0 0
64 0 0
64 0 0
64 0 0
64 0 0
64 0 0
64 0 0
64 0 0
64 0 0
64 0 0
64 0 0
64 0 0
64 0 0
64 0 0
64 0 0
64 0 0
64 0 0
64 0 0
64 0 0
64 0 0
64 0 0
64 0 0
64 0 0
64 0 0
64 0 0
64 0 0
64 0 0
64 0 0
64 0 0
64 0 0
64 0 0
64 0 0
64 0 0
64 0 0
64 0 0
64 0 0
64 0 0
64 0 0
64 0 0
64 0 0
64 0 0
64 0 0
64 0 0
64 0 0
64 0 0
64 0 0
64 0 0
64 0 0
64 0 0
64 0 0
64 0 0
64 0 0
64 0 0
64 0 0
64 0 0
64 0 0
64 0 0
64 0 0
64 0 0
64 0 0
64 0 0
64 0 0
64 0 0
64 0 0
64 0 0
64 0 0
64 0 0
64 0 0
64 0 0
64 0 0
64 0 0
64 0 0
64 0 0
64 0 0
64 0 0
65 0 0
65 0 0
65 0 0
65 0 0
65 0 0
65 0 0
65 0 0
65 0 0
65 0 0
65 0 0
65 0 0
65 0 0
65 0 0
65 0 0
65 0 0
65 0 0
65 0 0
65 0 0
65 0 0
65 0 0
65 0 0
65 0 0
65 0 0
65 0 0
65 0 0
65 0 0
65 0 0
65 0 0
65 0 0
65 0 0
65 0 0
65 0 0
65 0 0
65 0 0
65 0 0
65 0 0
65 0 0
65 0 0
65 0 0
65 0 0
65 0 0
65 0 0
65 0 0
65 0 0
65 0 0
65 0 0
65 0 0
65 0 0
65 0 0
65 0 0
65 0 0
65 0 0
65 0 0
65 0 0
65 0 0
65 0 0
65 0 0
65 0 0
65 0 0
65 0 0
65 0 0
65 0 0
65 0 0
65 0 0
65 0 0
65 0 0
65 0 0
65 0 0
65 0 0
65 0 0
65 0 0
65 0 0
65 0 0
65 0 0
65 0 0
65 0 0
65 0 0
65 0 0
65 0 0
65 0 0
65 0 0
65 0 0
65 0 0
65 0 0
65 0 0
65 0 0
65 0 0
65 0 0
65 0 0
65 0 0
65 0 0
65 0 0
65 0 0
65 0 0
65 0 0
65 0 0
65 0 0
65 0 0
65 0 0
65 0 0
65 0 0
65 0 0
65 0 0
65 0 0
65 0 0
66 0 0
66 0 0
66 0 0
66 0 0
66 0 0
66 0 0
66 0 0
66 0 0
66 0 0
66 0 0
66 0 0
66 0 0
66 0 0
66 0 0
66 0 0
66 0 0
66 0 0
66 0 0
66 0 0
66 0 0
66 0 0
66 0 0
66 0 0
66 0 0
66 0 0
66 0 0
66 0 0
66 0 0
66 0 0
66 0 0
66 0 0
66 0 0
66 0 0
66 0 0
66 0 0
66 0 0
66 0 0
66 0 0
66 0 0
66 0 0
66 0 0
66 0 0
66 0 0
66 0 0
66 0 0
66 0 0
66 0 0
66 0 0
66 0 0
66 0 0
66 0 0
66 0 0
66 0 0
66 0 0
66 0 0
66 0 0
66 0 0
66 0 0
66 0 0
66 0 0
66 0 0
66 0 0
66 0 0
66 0 0
66 0 0
66 0 0
66 0 0
66 0 0
66 0 0
66 0 0
66 0 0
66 0 0
66 0 0
66 0 0
66 0 0
66 0 0
66 0 0
66 0 0
66 0 0
66 0 0
66 0 0
66 0 0
66 0 0
66 0 0
66 0 0
66 0 0
66 0 0
66 0 0
66 0 0
66 0 0
66 0 0
66 0 0
66 0 0
66 0 0
66 0 0
66 0 0
66 0 0
66 0 0
66 0 0
66 0 0
66 0 0
66 0 0
66 0 0
66 0 0
66 0 0
67 0 0
67 0 0
67 0 0
67 0 0
67 0 0
67 0 0
67 0 0
67 0 0
67 0 0
67 0 0
67 0 0
67 0 0
67 0 0
67 0 0
67 0 0
67 0 0
67 0 0
67 0 0
67 0 0
67 0 0
67 0 0
67 0 0
67 0 0
67 0 0
67 0 0
67 0 0
67 0 0
67 0 0
67 0 0
67 0 0
67 0 0
67 0 0
67 0 0
67 0 0
67 0 0
67 0 0
67 0 0
67 0 0
67 0 0
67 0 0
67 0 0
67 0 0
67 0 0
67 0 0
67 0 0
67 0 0
67 0 0
67 0 0
67 0 0
67 0 0
67 0 0
67 0 0
67 0 0
67 0 0
67 0 0
67 0 0
67 0 0
67 0 0
67 0 0
67 0 0
67 0 0
67 0 0
67 0 0
67 0 0
67 0 0
67 0 0
67 0 0
67 0 0
67 0 0
67 0 0
67 0 0
67 0 0
67 0 0
67 0 0
67 0 0
67 0 0
67 0 0
67 0 0
67 0 0
67 0 0
67 0 0
67 0 0
67 0 0
67 0 0
67 0 0
67 0 0
67 0 0
67 0 0
67 0 0
67 0 0
67 0 0
67 0 0
67 0 0
67 0 0
67 0 0
67 0 0
67 0 0
67 0 0
67 0 0
67 0 0
67 0 0
67 0 0
67 0 0
67 0 0
67 0 0
68 0 0
68 0 0
68 0 0
68 0 0
68 0 0
68 0 0
68 0 0
68 0 0
68 0 0
68 0 0
68 0 0
68 0 0
68 0 0
68 0 0
68 0 0
68 0 0
68 0 0
68 0 0
68 0 0
68 0 0
68 0 0
68 0 0
68 0 0
68 0 0
68 0 0
68 0 0
68 0 0
68 0 0
68 0 0
68 0 0
68 0 0
68 0 0
68 0 0
68 0 0
68 0 0
68 0 0
68 0 0
68 0 0
68 0 0
68 0 0
68 0 0
68 0 0
68 0 0
68 0 0
68 0 0
68 0 0
68 0 0
68 0 0
68 0 0
68 0 0
68 0 0
68 0 0
68 0 0
68 0 0
68 0 0
68 0 0
68 0 0
68 0 0
68 0 0
68 0 0
68 0 0
68 0 0
68 0 0
68 0 0
68 0 0
68 0 0
68 0 0
68 0 0
68 0 0
68 0 0
68 0 0
68 0 0
68 0 0
68 0 0
68 0 0
68 0 0
68 0 0
68 0 0
68 0 0
68 0 0
68 0 0
68 0 0
68 0 0
68 0 0
68 0 0
68 0 0
68 0 0
68 0 0
68 0 0
68 0 0
68 0 0
68 0 0
68 0 0
68 0 0
68 0 0
68 0 0
68 0 0
68 0 0
68 0 0
68 0 0
68 0 0
68 0 0
68 0 0
68 0 0
68 0 0
69 0 0
69 0 0
69 0 0
69 0 0
69 0 0
69 0 0
69 0 0
69 0 0
69 0 0
69 0 0
69 0 0
69 0 0
69 0 0
69 0 0
69 0 0
69 0 0
69 0 0
69 0 0
69 0 0
69 0 0
69 0 0
69 0 0
69 0 0
69 0 0
69 0 0
69 0 0
69 0 0
69 0 0
69 0 0
69 0 0
69 0 0
69 0 0
69 0 0
69 0 0
69 0 0
69 0 0
69 0 0
69 0 0
69 0 0
69 0 0
69 0 0
69 0 0
69 0 0
69 0 0
69 0 0
69 0 0
69 0 0
69 0 0
69 0 0
69 0 0
69 0 0
69 0 0
69 0 0
69 0 0
69 0 0
69 0 0
69 0 0
69 0 0
69 0 0
69 0 0
69 0 0
69 0 0
69 0 0
69 0 0
69 0 0
69 0 0
69 0 0
69 0 0
69 0 0
69 0 0
69 0 0
69 0 0
69 0 0
69 0 0
69 0 0
69 0 0
69 0 0
69 0 0
69 0 0
69 0 0
69 0 0
69 0 0
69 0 0
69 0 0
69 0 0
69 0 0
69 0 0
69 0 0
69 0 0
69 0 0
69 0 0
69 0 0
69 0 0
69 0 0
69 0 0
69 0 0
69 0 0
69 0 0
69 0 0
69 0 0
69 0 0
69 0 0
69 0 0
69 0 0
69 0 0
70 0 0
70 0 0
70 0 0
70 0 0
70 0 0
70 0 0
70 0 0
70 0 0
70 0 0
70 0 0
70 0 0
70 0 0
70 0 0
70 0 0
70 0 0
70 0 0
70 0 0
70 0 0
70 0 0
70 0 0
70 0 0
70 0 0
70 0 0
70 0 0
70 0 0
70 0 0
70 0 0
70 0 0
70 0 0
70 0 0
70 0 0
70 0 0
70 0 0
70 0 0
70 0 0
70 0 0
70 0 0
70 0 0
70 0 0
70 0 0
70 0 0
70 0 0
70 0 0
70 0 0
70 0 0
70 0 0
70 0 0
70 0 0
70 0 0
70 0 0
70 0 0
70 0 0
70 0 0
70 0 0
70 0 0
70 0 0
70 0 0
70 0 0
70 0 0
70 0 0
70 0 0
70 0 0
70 0 0
70 0 0
70 0 0
70 0 0
70 0 0
70 0 0
70 0 0
70 0 0
70 0 0
70 0 0
70 0 0
70 0 0
70 0 0
70 0 0
70 0 0
70 0 0
70 0 0
70 0 0
70 0 0
70 0 0
70 0 0
70 0 0
70 0 0
70 0 0
70 0 0
70 0 0
70 0 0
70 0 0
70 0 0
70 0 0
70 0 0
70 0 0
70 0 0
70 0 0
70 0 0
70 0 0
70 0 0
70 0 0
70 0 0
70 0 0
70 0 0
70 0 0
70 0 0
71 0 0
71 0 0
71 0 0
71 0 0
71 0 0
71 0 0
71 0 0
71 0 0
71 0 0
71 0 0
71 0 0
71 0 0
71 0 0
71 0 0
71 0 0
71 0 0
71 0 0
71 0 0
71 0 0
71 0 0
71 0 0
71 0 0
71 0 0
71 0 0
71 0 0
71 0 0
71 0 0
71 0 0
71 0 0
71 0 0
71 0 0
71 0 0
71 0 0
71 0 0
71 0 0
71 0 0
71 0 0
71 0 0
71 0 0
71 0 0
71 0 0
71 0 0
71 0 0
71 0 0
71 0 0
71 0 0
71 0 0
71 0 0
71 0 0
71 0 0
71 0 0
71 0 0
71 0 0
71 0 0
71 0 0
71 0 0
71 0 0
71 0 0
71 0 0
71 0 0
71 0 0
71 0 0
71 0 0
71 0 0
71 0 0
71 0 0
71 0 0
71 0 0
71 0 0
71 0 0
71 0 0
71 0 0
71 0 0
71 0 0
71 0 0
71 0 0
71 0 0
71 0 0
71 0 0
71 0 0
71 0 0
71 0 0
71 0 0
71 0 0
71 0 0
71 0 0
71 0 0
71 0 0
71 0 0
71 0 0
71 0 0
71 0 0
71 0 0
71 0 0
71 0 0
71 0 0
71 0 0
71 0 0
71 0 0
71 0 0
71 0 0
71 0 0
71 0 0
71 0 0
71 0 0
72 0 0
72 0 0
72 0 0
72 0 0
72 0 0
72 0 0
72 0 0
72 0 0
72 0 0
72 0 0
72 0 0
72 0 0
72 0 0
72 0 0
72 0 0
72 0 0
72 0 0
72 0 0
72 0 0
72 0 0
72 0 0
72 0 0
72 0 0
72 0 0
72 0 0
72 0 0
72 0 0
72 0 0
72 0 0
72 0 0
72 0 0
72 0 0
72 0 0
72 0 0
72 0 0
72 0 0
72 0 0
72 0 0
72 0 0
72 0 0
72 0 0
72 0 0
72 0 0
72 0 0
72 0 0
72 0 0
72 0 0
72 0 0
72 0 0
72 0 0
72 0 0
72 0 0
72 0 0
72 0 0
72 0 0
72 0 0
72 0 0
72 0 0
72 0 0
72 0 0
72 0 0
72 0 0
72 0 0
72 0 0
72 0 0
72 0 0
72 0 0
72 0 0
72 0 0
72 0 0
72 0 0
72 0 0
72 0 0
72 0 0
72 0 0
72 0 0
72 0 0
72 0 0
72 0 0
72 0 0
72 0 0
72 0 0
72 0 0
72 0 0
72 0 0
72 0 0
72 0 0
72 0 0
72 0 0
72 0 0
72 0 0
72 0 0
72 0 0
72 0 0
72 0 0
72 0 0
72 0 0
72 0 0
72 0 0
72 0 0
72 0 0
72 0 0
72 0 0
72 0 0
72 0 0
73 0 0
73 0 0
73 0 0
73 0 0
73 0 0
73 0 0
73 0 0
73 0 0
73 0 0
73 0 0
73 0 0
73 0 0
73 0 0
73 0 0
73 0 0
73 0 0
73 0 0
73 0 0
73 0 0
73 0 0
73 0 0
73 0 0
73 0 0
73 0 0
73 0 0
73 0 0
73 0 0
73 0 0
73 0 0
73 0 0
73 0 0
73 0 0
73 0 0
73 0 0
73 0 0
73 0 0
73 0 0
73 0 0
73 0 0
73 0 0
73 0 0
73 0 0
73 0 0
73 0 0
73 0 0
73 0 0
73 0 0
73 0 0
73 0 0
73 0 0
73 0 0
73 0 0
73 0 0
73 0 0
73 0 0
73 0 0
73 0 0
73 0 0
73 0 0
73 0 0
73 0 0
73 0 0
73 0 0
73 0 0
73 0 0
73 0 0
73 0 0
73 0 0
73 0 0
73 0 0
73 0 0
73 0 0
73 0 0
73 0 0
73 0 0
73 0 0
73 0 0
73 0 0
73 0 0
73 0 0
73 0 0
73 0 0
73 0 0
73 0 0
73 0 0
73 0 0
73 0 0
73 0 0
73 0 0
73 0 0
73 0 0
73 0 0
73 0 0
73 0 0
73 0 0
73 0 0
73 0 0
73 0 0
73 0 0
73 0 0
73 0 0
73 0 0
73 0 0
73 0 0
73 0 0
74 0 0
74 0 0
74 0 0
74 0 0
74 0 0
74 0 0
74 0 0
74 0 0
74 0 0
74 0 0
74 0 0
74 0 0
74 0 0
74 0 0
74 0 0
74 0 0
74 0 0
74 0 0
74 0 0
74 0 0
74 0 0
74 0 0
74 0 0
74 0 0
74 0 0
74 0 0
74 0 0
74 0 0
74 0 0
74 0 0
74 0 0
74 0 0
74 0 0
74 0 0
74 0 0
74 0 0
74 0 0
74 0 0
74 0 0
74 0 0
74 0 0
74 0 0
74 0 0
74 0 0
74 0 0
74 0 0
74 0 0
74 0 0
74 0 0
74 0 0
74 0 0
74 0 0
74 0 0
74 0 0
74 0 0
74 0 0
74 0 0
74 0 0
74 0 0
74 0 0
74 0 0
74 0 0
74 0 0
74 0 0
74 0 0
74 0 0
74 0 0
74 0 0
74 0 0
74 0 0
74 0 0
74 0 0
74 0 0
74 0 0
74 0 0
74 0 0
74 0 0
74 0 0
74 0 0
74 0 0
74 0 0
74 0 0
74 0 0
74 0 0
74 0 0
74 0 0
74 0 0
74 0 0
74 0 0
74 0 0
74 0 0
74 0 0
74 0 0
74 0 0
74 0 0
74 0 0
74 0 0
74 0 0
74 0 0
74 0 0
74 0 0
74 0 0
74 0 0
74 0 0
74 0 0
75 0 0
75 0 0
75 0 0
75 0 0
75 0 0
75 0 0
75 0 0
75 0 0
75 0 0
75 0 0
75 0 0
75 0 0
75 0 0
75 0 0
75 0 0
75 0 0
75 0 0
75 0 0
75 0 0
75 0 0
75 0 0
75 0 0
75 0 0
75 0 0
75 0 0
75 0 0
75 0 0
75 0 0
75 0 0
75 0 0
75 0 0
75 0 0
75 0 0
75 0 0
75 0 0
75 0 0
75 0 0
75 0 0
75 0 0
75 0 0
75 0 0
75 0 0
75 0 0
75 0 0
75 0 0
75 0 0
75 0 0
75 0 0
75 0 0
75 0 0
75 0 0
75 0 0
75 0 0
75 0 0
75 0 0
75 0 0
75 0 0
75 0 0
75 0 0
75 0 0
75 0 0
75 0 0
75 0 0
75 0 0
75 0 0
75 0 0
75 0 0
75 0 0
75 0 0
75 0 0
75 0 0
75 0 0
75 0 0
75 0 0
75 0 0
75 0 0
75 0 0
75 0 0
75 0 0
75 0 0
75 0 0
75 0 0
75 0 0
75 0 0
75 0 0
75 0 0
75 0 0
75 0 0
75 0 0
75 0 0
75 0 0
75 0 0
75 0 0
75 0 0
75 0 0
75 0 0
75 0 0
75 0 0
75 0 0
75 0 0
75 0 0
75 0 0
75 0 0
75 0 0
75 0 0
76 0 0
76 0 0
76 0 0
76 0 0
76 0 0
76 0 0
76 0 0
76 0 0
76 0 0
76 0 0
76 0 0
76 0 0
76 0 0
76 0 0
76 0 0
76 0 0
76 0 0
76 0 0
76 0 0
76 0 0
76 0 0
76 0 0
76 0 0
76 0 0
76 0 0
76 0 0
76 0 0
76 0 0
76 0 0
76 0 0
76 0 0
76 0 0
76 0 0
76 0 0
76 0 0
76 0 0
76 0 0
76 0 0
76 0 0
76 0 0
76 0 0
76 0 0
76 0 0
76 0 0
76 0 0
76 0 0
76 0 0
76 0 0
76 0 0
76 0 0
76 0 0
76 0 0
76 0 0
76 0 0
76 0 0
76 0 0
76 0 0
76 0 0
76 0 0
76 0 0
76 0 0
76 0 0
76 0 0
76 0 0
76 0 0
76 0 0
76 0 0
76 0 0
76 0 0
76 0 0
76 0 0
76 0 0
76 0 0
76 0 0
76 0 0
76 0 0
76 0 0
76 0 0
76 0 0
76 0 0
76 0 0
76 0 0
76 0 0
76 0 0
76 0 0
76 0 0
76 0 0
76 0 0
76 0 0
76 0 0
76 0 0
76 0 0
76 0 0
76 0 0
76 0 0
76 0 0
76 0 0
76 0 0
76 0 0
76 0 0
76 0 0
76 0 0
76 0 0
76 0 0
76 0 0
77 0 0
77 0 0
77 0 0
77 0 0
77 0 0
77 0 0
77 0 0
77 0 0
77 0 0
77 0 0
77 0 0
77 0 0
77 0 0
77 0 0
77 0 0
77 0 0
77 0 0
77 0 0
77 0 0
77 0 0
77 0 0
77 0 0
77 0 0
77 0 0
77 0 0
77 0 0
77 0 0
77 0 0
77 0 0
77 0 0
77 0 0
77 0 0
77 0 0
77 0 0
77 0 0
77 0 0
77 0 0
77 0 0
77 0 0
77 0 0
77 0 0
77 0 0
77 0 0
77 0 0
77 0 0
77 0 0
77 0 0
77 0 0
77 0 0
77 0 0
77 0 0
77 0 0
77 0 0
77 0 0
77 0 0
77 0 0
77 0 0
77 0 0
77 0 0
77 0 0
77 0 0
77 0 0
77 0 0
77 0 0
77 0 0
77 0 0
77 0 0
77 0 0
77 0 0
77 0 0
77 0 0
77 0 0
77 0 0
77 0 0
77 0 0
77 0 0
77 0 0
77 0 0
77 0 0
77 0 0
77 0 0
77 0 0
77 0 0
77 0 0
77 0 0
77 0 0
77 0 0
77 0 0
77 0 0
77 0 0
77 0 0
77 0 0
77 0 0
77 0 0
77 0 0
77 0 0
77 0 0
77 0 0
77 0 0
77 0 0
77 0 0
77 0 0
77 0 0
77 0 0
77 0 0
78 0 0
78 0 0
78 0 0
78 0 0
78 0 0
78 0 0
78 0 0
78 0 0
78 0 0
78 0 0
78 0 0
78 0 0
78 0 0
78 0 0
78 0 0
78 0 0
78 0 0
78 0 0
78 0 0
78 0 0
78 0 0
78 0 0
78 0 0
78 0 0
78 0 0
78 0 0
78 0 0
78 0 0
78 0 0
78 0 0
78 0 0
78 0 0
78 0 0
78 0 0
78 0 0
78 0 0
78 0 0
78 0 0
78 0 0
78 0 0
78 0 0
78 0 0
78 0 0
78 0 0
78 0 0
78 0 0
78 0 0
78 0 0
78 0 0
78 0 0
78 0 0
78 0 0
78 0 0
78 0 0
78 0 0
78 0 0
78 0 0
78 0 0
78 0 0
78 0 0
78 0 0
78 0 0
78 0 0
78 0 0
78 0 0
78 0 0
78 0 0
78 0 0
78 0 0
78 0 0
78 0 0
78 0 0
78 0 0
78 0 0
78 0 0
78 0 0
78 0 0
78 0 0
78 0 0
78 0 0
78 0 0
78 0 0
78 0 0
78 0 0
78 0 0
78 0 0
78 0 0
78 0 0
78 0 0
78 0 0
78 0 0
78 0 0
78 0 0
78 0 0
78 0 0
78 0 0
78 0 0
78 0 0
78 0 0
78 0 0
78 0 0
78 0 0
78 0 0
78 0 0
78 0 0
79 0 0
79 0 0
79 0 0
79 0 0
79 0 0
79 0 0
79 0 0
79 0 0
79 0 0
79 0 0
79 0 0
79 0 0
79 0 0
79 0 0
79 0 0
79 0 0
79 0 0
79 0 0
79 0 0
79 0 0
79 0 0
79 0 0
79 0 0
79 0 0
79 0 0
79 0 0
79 0 0
79 0 0
79 0 0
79 0 0
79 0 0
79 0 0
79 0 0
79 0 0
79 0 0
79 0 0
79 0 0
79 0 0
79 0 0
79 0 0
79 0 0
79 0 0
79 0 0
79 0 0
79 0 0
79 0 0
79 0 0
79 0 0
79 0 0
79 0 0
79 0 0
79 0 0
79 0 0
79 0 0
79 0 0
79 0 0
79 0 0
79 0 0
79 0 0
79 0 0
79 0 0
79 0 0
79 0 0
79 0 0
79 0 0
79 0 0
79 0 0
79 0 0
79 0 0
79 0 0
79 0 0
79 0 0
79 0 0
79 0 0
79 0 0
79 0 0
79 0 0
79 0 0
79 0 0
79 0 0
79 0 0
79 0 0
79 0 0
79 0 0
79 0 0
79 0 0
79 0 0
79 0 0
79 0 0
79 0 0
79 0 0
79 0 0
79 0 0
79 0 0
79 0 0
79 0 0
79 0 0
79 0 0
79 0 0
79 0 0
79 0 0
79 0 0
79 0 0
79 0 0
79 0 0
80 0 0
80 0 0
80 0 0
80 0 0
80 0 0
80 0 0
80 0 0
80 0 0
80 0 0
80 0 0
80 0 0
80 0 0
80 0 0
80 0 0
80 0 0
80 0 0
80 0 0
80 0 0
80 0 0
80 0 0
80 0 0
80 0 0
80 0 0
80 0 0
80 0 0
80 0 0
80 0 0
80 0 0
80 0 0
80 0 0
80 0 0
80 0 0
80 0 0
80 0 0
80 0 0
80 0 0
80 0 0
80 0 0
80 0 0
80 0 0
80 0 0
80 0 0
80 0 0
80 0 0
80 0 0
80 0 0
80 0 0
80 0 0
80 0 0
80 0 0
80 0 0
80 0 0
80 0 0
80 0 0
80 0 0
80 0 0
80 0 0
80 0 0
80 0 0
80 0 0
80 0 0
80 0 0
80 0 0
80 0 0
80 0 0
80 0 0
80 0 0
80 0 0
80 0 0
80 0 0
80 0 0
80 0 0
80 0 0
80 0 0
80 0 0
80 0 0
80 0 0
80 0 0
80 0 0
80 0 0
80 0 0
80 0 0
80 0 0
80 0 0
80 0 0
80 0 0
80 0 0
80 0 0
80 0 0
80 0 0
80 0 0
80 0 0
80 0 0
80 0 0
80 0 0
80 0 0
80 0 0
80 0 0
80 0 0
80 0 0
80 0 0
80 0 0
80 0 0
80 0 0
80 0 0
81 0 0
81 0 0
81 0 0
81 0 0
81 0 0
81 0 0
81 0 0
81 0 0
81 0 0
81 0 0
81 0 0
81 0 0
81 0 0
81 0 0
81 0 0
81 0 0
81 0 0
81 0 0
81 0 0
81 0 0
81 0 0
81 0 0
81 0 0
81 0 0
81 0 0
81 0 0
81 0 0
81 0 0
81 0 0
81 0 0
81 0 0
81 0 0
81 0 0
81 0 0
81 0 0
81 0 0
81 0 0
81 0 0
81 0 0
81 0 0
81 0 0
81 0 0
81 0 0
81 0 0
81 0 0
81 0 0
81 0 0
81 0 0
81 0 0
81 0 0
81 0 0
81 0 0
81 0 0
81 0 0
81 0 0
81 0 0
81 0 0
81 0 0
81 0 0
81 0 0
81 0 0
81 0 0
81 0 0
81 0 0
81 0 0
81 0 0
81 0 0
81 0 0
81 0 0
81 0 0
81 0 0
81 0 0
81 0 0
81 0 0
81 0 0
81 0 0
81 0 0
81 0 0
81 0 0
81 0 0
81 0 0
81 0 0
81 0 0
81 0 0
81 0 0
81 0 0
81 0 0
81 0 0
81 0 0
81 0 0
81 0 0
81 0 0
81 0 0
81 0 0
81 0 0
81 0 0
81 0 0
81 0 0
81 0 0
81 0 0
81 0 0
81 0 0
81 0 0
81 0 0
81 0 0
82 0 0
82 0 0
82 0 0
82 0 0
82 0 0
82 0 0
82 0 0
82 0 0
82 0 0
82 0 0
82 0 0
82 0 0
82 0 0
82 0 0
82 0 0
82 0 0
82 0 0
82 0 0
82 0 0
82 0 0
82 0 0
82 0 0
82 0 0
82 0 0
82 0 0
82 0 0
82 0 0
82 0 0
82 0 0
82 0 0
82 0 0
82 0 0
82 0 0
82 0 0
82 0 0
82 0 0
82 0 0
82 0 0
82 0 0
82 0 0
82 0 0
82 0 0
82 0 0
82 0 0
82 0 0
82 0 0
82 0 0
82 0 0
82 0 0
82 0 0
82 0 0
82 0 0
82 0 0
82 0 0
82 0 0
82 0 0
82 0 0
82 0 0
82 0 0
82 0 0
82 0 0
82 0 0
82 0 0
82 0 0
82 0 0
82 0 0
82 0 0
82 0 0
82 0 0
82 0 0
82 0 0
82 0 0
82 0 0
82 0 0
82 0 0
82 0 0
82 0 0
82 0 0
82 0 0
82 0 0
82 0 0
82 0 0
82 0 0
82 0 0
82 0 0
82 0 0
82 0 0
82 0 0
82 0 0
82 0 0
82 0 0
82 0 0
82 0 0
82 0 0
82 0 0
82 0 0
82 0 0
82 0 0
82 0 0
82 0 0
82 0 0
82 0 0
82 0 0
82 0 0
82 0 0
83 0 0
83 0 0
83 0 0
83 0 0
83 0 0
83 0 0
83 0 0
83 0 0
83 0 0
83 0 0
83 0 0
83 0 0
83 0 0
83 0 0
83 0 0
83 0 0
83 0 0
83 0 0
83 0 0
83 0 0
83 0 0
83 0 0
83 0 0
83 0 0
83 0 0
83 0 0
83 0 0
83 0 0
83 0 0
83 0 0
83 0 0
83 0 0
83 0 0
83 0 0
83 0 0
83 0 0
83 0 0
83 0 0
83 0 0
83 0 0
83 0 0
83 0 0
83 0 0
83 0 0
83 0 0
83 0 0
83 0 0
83 0 0
83 0 0
83 0 0
83 0 0
83 0 0
83 0 0
83 0 0
83 0 0
83 0 0
83 0 0
83 0 0
83 0 0
83 0 0
83 0 0
83 0 0
83 0 0
83 0 0
83 0 0
83 0 0
83 0 0
83 0 0
83 0 0
83 0 0
83 0 0
83 0 0
83 0 0
83 0 0
83 0 0
83 0 0
83 0 0
83 0 0
83 0 0
83 0 0
83 0 0
83 0 0
83 0 0
83 0 0
83 0 0
83 0 0
83 0 0
83 0 0
83 0 0
83 0 0
83 0 0
83 0 0
83 0 0
83 0 0
83 0 0
83 0 0
83 0 0
83 0 0
83 0 0
83 0 0
83 0 0
83 0 0
83 0 0
83 0 0
83 0 0
84 0 0
84 0 0
84 0 0
84 0 0
84 0 0
84 0 0
84 0 0
84 0 0
84 0 0
84 0 0
84 0 0
84 0 0
84 0 0
84 0 0
84 0 0
84 0 0
84 0 0
84 0 0
84 0 0
84 0 0
84 0 0
84 0 0
84 0 0
84 0 0
84 0 0
84 0 0
84 0 0
84 0 0
84 0 0
84 0 0
84 0 0
84 0 0
84 0 0
84 0 0
84 0 0
84 0 0
84 0 0
84 0 0
84 0 0
84 0 0
84 0 0
84 0 0
84 0 0
84 0 0
84 0 0
84 0 0
84 0 0
84 0 0
84 0 0
84 0 0
84 0 0
84 0 0
84 0 0
84 0 0
84 0 0
84 0 0
84 0 0
84 0 0
84 0 0
84 0 0
84 0 0
84 0 0
84 0 0
84 0 0
84 0 0
84 0 0
84 0 0
84 0 0
84 0 0
84 0 0
84 0 0
84 0 0
84 0 0
84 0 0
84 0 0
84 0 0
84 0 0
84 0 0
84 0 0
84 0 0
84 0 0
84 0 0
84 0 0
84 0 0
84 0 0
84 0 0
84 0 0
84 0 0
84 0 0
84 0 0
84 0 0
84 0 0
84 0 0
84 0 0
84 0 0
84 0 0
84 0 0
84 0 0
84 0 0
84 0 0
84 0 0
84 0 0
84 0 0
84 0 0
84 0 0
85 0 0
85 0 0
85 0 0
85 0 0
85 0 0
85 0 0
85 0 0
85 0 0
85 0 0
85 0 0
85 0 0
85 0 0
85 0 0
85 0 0
85 0 0
85 0 0
85 0 0
85 0 0
85 0 0
85 0 0
85 0 0
85 0 0
85 0 0
85 0 0
85 0 0
85 0 0
85 0 0
85 0 0
85 0 0
85 0 0
85 0 0
85 0 0
85 0 0
85 0 0
85 0 0
85 0 0
85 0 0
85 0 0
85 0 0
85 0 0
85 0 0
85 0 0
85 0 0
85 0 0
85 0 0
85 0 0
85 0 0
85 0 0
85 0 0
85 0 0
85 0 0
85 0 0
85 0 0
85 0 0
85 0 0
85 0 0
85 0 0
85 0 0
85 0 0
85 0 0
85 0 0
85 0 0
85 0 0
85 0 0
85 0 0
85 0 0
85 0 0
85 0 0
85 0 0
85 0 0
85 0 0
85 0 0
85 0 0
85 0 0
85 0 0
85 0 0
85 0 0
85 0 0
85 0 0
85 0 0
85 0 0
85 0 0
85 0 0
85 0 0
85 0 0
85 0 0
85 0 0
85 0 0
85 0 0
85 0 0
85 0 0
85 0 0
85 0 0
85 0 0
85 0 0
85 0 0
85 0 0
85 0 0
85 0 0
85 0 0
85 0 0
85 0 0
85 0 0
85 0 0
85 0 0
86 0 0
86 0 0
86 0 0
86 0 0
86 0 0
86 0 0
86 0 0
86 0 0
86 0 0
86 0 0
86 0 0
86 0 0
86 0 0
86 0 0
86 0 0
86 0 0
86 0 0
86 0 0
86 0 0
86 0 0
86 0 0
86 0 0
86 0 0
86 0 0
86 0 0
86 0 0
86 0 0
86 0 0
86 0 0
86 0 0
86 0 0
86 0 0
86 0 0
86 0 0
86 0 0
86 0 0
86 0 0
86 0 0
86 0 0
86 0 0
86 0 0
86 0 0
86 0 0
86 0 0
86 0 0
86 0 0
86 0 0
86 0 0
86 0 0
86 0 0
86 0 0
86 0 0
86 0 0
86 0 0
86 0 0
86 0 0
86 0 0
86 0 0
86 0 0
86 0 0
86 0 0
86 0 0
86 0 0
86 0 0
86 0 0
86 0 0
86 0 0
86 0 0
86 0 0
86 0 0
86 0 0
86 0 0
86 0 0
86 0 0
86 0 0
86 0 0
86 0 0
86 0 0
86 0 0
86 0 0
86 0 0
86 0 0
86 0 0
86 0 0
86 0 0
86 0 0
86 0 0
86 0 0
86 0 0
86 0 0
86 0 0
86 0 0
86 0 0
86 0 0
86 0 0
86 0 0
86 0 0
86 0 0
86 0 0
86 0 0
86 0 0
86 0 0
86 0 0
86 0 0
86 0 0
87 0 0
87 0 0
87 0 0
87 0 0
87 0 0
87 0 0
87 0 0
87 0 0
87 0 0
87 0 0
87 0 0
87 0 0
87 0 0
87 0 0
87 0 0
87 0 0
87 0 0
87 0 0
87 0 0
87 0 0
87 0 0
87 0 0
87 0 0
87 0 0
87 0 0
87 0 0
87 0 0
87 0 0
87 0 0
87 0 0
87 0 0
87 0 0
87 0 0
87 0 0
87 0 0
87 0 0
87 0 0
87 0 0
87 0 0
87 0 0
87 0 0
87 0 0
87 0 0
87 0 0
87 0 0
87 0 0
87 0 0
87 0 0
87 0 0
87 0 0
87 0 0
87 0 0
87 0 0
87 0 0
87 0 0
87 0 0
87 0 0
87 0 0
87 0 0
87 0 0
87 0 0
87 0 0
87 0 0
87 0 0
87 0 0
87 0 0
87 0 0
87 0 0
87 0 0
87 0 0
87 0 0
87 0 0
87 0 0
87 0 0
87 0 0
87 0 0
87 0 0
87 0 0
87 0 0
87 0 0
87 0 0
87 0 0
87 0 0
87 0 0
87 0 0
87 0 0
87 0 0
87 0 0
87 0 0
87 0 0
87 0 0
87 0 0
87 0 0
87 0 0
87 0 0
87 0 0
87 0 0
87 0 0
87 0 0
87 0 0
87 0 0
87 0 0
87 0 0
87 0 0
87 0 0
88 0 0
88 0 0
88 0 0
88 0 0
88 0 0
88 0 0
88 0 0
88 0 0
88 0 0
88 0 0
88 0 0
88 0 0
88 0 0
88 0 0
88 0 0
88 0 0
88 0 0
88 0 0
88 0 0
88 0 0
88 0 0
88 0 0
88 0 0
88 0 0
88 0 0
88 0 0
88 0 0
88 0 0
88 0 0
88 0 0
88 0 0
88 0 0
88 0 0
88 0 0
88 0 0
88 0 0
88 0 0
88 0 0
88 0 0
88 0 0
88 0 0
88 0 0
88 0 0
88 0 0
88 0 0
88 0 0
88 0 0
88 0 0
88 0 0
88 0 0
88 0 0
88 0 0
88 0 0
88 0 0
88 0 0
88 0 0
88 0 0
88 0 0
88 0 0
88 0 0
88 0 0
88 0 0
88 0 0
88 0 0
88 0 0
88 0 0
88 0 0
88 0 0
88 0 0
88 0 0
88 0 0
88 0 0
88 0 0
88 0 0
88 0 0
88 0 0
88 0 0
88 0 0
88 0 0
88 0 0
88 0 0
88 0 0
88 0 0
88 0 0
88 0 0
88 0 0
88 0 0
88 0 0
88 0 0
88 0 0
88 0 0
88 0 0
88 0 0
88 0 0
88 0 0
88 0 0
88 0 0
88 0 0
88 0 0
88 0 0
88 0 0
88 0 0
88 0 0
88 0 0
88 0 0
89 0 0
89 0 0
89 0 0
89 0 0
89 0 0
89 0 0
89 0 0
89 0 0
89 0 0
89 0 0
89 0 0
89 0 0
89 0 0
89 0 0
89 0 0
89 0 0
89 0 0
89 0 0
89 0 0
89 0 0
89 0 0
89 0 0
89 0 0
89 0 0
89 0 0
89 0 0
89 0 0
89 0 0
89 0 0
89 0 0
89 0 0
89 0 0
89 0 0
89 0 0
89 0 0
89 0 0
89 0 0
89 0 0
89 0 0
89 0 0
89 0 0
89 0 0
89 0 0
89 0 0
89 0 0
89 0 0
89 0 0
89 0 0
89 0 0
89 0 0
89 0 0
89 0 0
89 0 0
89 0 0
89 0 0
89 0 0
89 0 0
89 0 0
89 0 0
89 0 0
89 0 0
89 0 0
89 0 0
89 0 0
89 0 0
89 0 0
89 0 0
89 0 0
89 0 0
89 0 0
89 0 0
89 0 0
89 0 0
89 0 0
89 0 0
89 0 0
89 0 0
89 0 0
89 0 0
89 0 0
89 0 0
89 0 0
89 0 0
89 0 0
89 0 0
89 0 0
89 0 0
89 0 0
89 0 0
89 0 0
89 0 0
89 0 0
89 0 0
89 0 0
89 0 0
89 0 0
89 0 0
89 0 0
89 0 0
89 0 0
89 0 0
89 0 0
89 0 0
89 0 0
89 0 0
90 0 0
90 0 0
90 0 0
90 0 0
90 0 0
90 0 0
90 0 0
90 0 0
90 0 0
90 0 0
90 0 0
90 0 0
90 0 0
90 0 0
90 0 0
90 0 0
90 0 0
90 0 0
90 0 0
90 0 0
90 0 0
90 0 0
90 0 0
90 0 0
90 0 0
90 0 0
90 0 0
90 0 0
90 0 0
90 0 0
90 0 0
90 0 0
90 0 0
90 0 0
90 0 0
90 0 0
90 0 0
90 0 0
90 0 0
90 0 0
90 0 0
90 0 0
90 0 0
90 0 0
90 0 0
90 0 0
90 0 0
90 0 0
90 0 0
90 0 0
90 0 0
90 0 0
90 0 0
90 0 0
90 0 0
90 0 0
90 0 0
90 0 0
90 0 0
90 0 0
90 0 0
90 0 0
90 0 0
90 0 0
90 0 0
90 0 0
90 0 0
90 0 0
90 0 0
90 0 0
90 0 0
90 0 0
90 0 0
90 0 0
90 0 0
90 0 0
90 0 0
90 0 0
90 0 0
90 0 0
90 0 0
90 0 0
90 0 0
90 0 0
90 0 0
90 0 0
90 0 0
90 0 0
90 0 0
90 0 0
90 0 0
90 0 0
90 0 0
90 0 0
90 0 0
90 0 0
90 0 0
90 0 0
90 0 0
90 0 0
90 0 0
90 0 0
90 0 0
90 0 0
90 0 0
91 0 0
91 0 0
91 0 0
91 0 0
91 0 0
91 0 0
91 0 0
91 0 0
91 0 0
91 0 0
91 0 0
91 0 0
91 0 0
91 0 0
91 0 0
91 0 0
91 0 0
91 0 0
91 0 0
91 0 0
91 0 0
91 0 0
91 0 0
91 0 0
91 0 0
91 0 0
91 0 0
91 0 0
91 0 0
91 0 0
91 0 0
91 0 0
91 0 0
91 0 0
91 0 0
91 0 0
91 0 0
91 0 0
91 0 0
91 0 0
91 0 0
91 0 0
91 0 0
91 0 0
91 0 0
91 0 0
91 0 0
91 0 0
91 0 0
91 0 0
91 0 0
91 0 0
91 0 0
91 0 0
91 0 0
91 0 0
91 0 0
91 0 0
91 0 0
91 0 0
91 0 0
91 0 0
91 0 0
91 0 0
91 0 0
91 0 0
91 0 0
91 0 0
91 0 0
91 0 0
91 0 0
91 0 0
91 0 0
91 0 0
91 0 0
91 0 0
91 0 0
91 0 0
91 0 0
91 0 0
91 0 0
91 0 0
91 0 0
91 0 0
91 0 0
91 0 0
91 0 0
91 0 0
91 0 0
91 0 0
91 0 0
91 0 0
91 0 0
91 0 0
91 0 0
91 0 0
91 0 0
91 0 0
91 0 0
91 0 0
91 0 0
91 0 0
91 0 0
91 0 0
91 0 0
92 0 0
92 0 0
92 0 0
92 0 0
92 0 0
92 0 0
92 0 0
92 0 0
92 0 0
92 0 0
92 0 0
92 0 0
92 0 0
92 0 0
92 0 0
92 0 0
92 0 0
92 0 0
92 0 0
92 0 0
92 0 0
92 0 0
92 0 0
92 0 0
92 0 0
92 0 0
92 0 0
92 0 0
92 0 0
92 0 0
92 0 0
92 0 0
92 0 0
92 0 0
92 0 0
92 0 0
92 0 0
92 0 0
92 0 0
92 0 0
92 0 0
92 0 0
92 0 0
92 0 0
92 0 0
92 0 0
92 0 0
92 0 0
92 0 0
92 0 0
92 0 0
92 0 0
92 0 0
92 0 0
92 0 0
92 0 0
92 0 0
92 0 0
92 0 0
92 0 0
92 0 0
92 0 0
92 0 0
92 0 0
92 0 0
92 0 0
92 0 0
92 0 0
92 0 0
92 0 0
92 0 0
92 0 0
92 0 0
92 0 0
92 0 0
92 0 0
92 0 0
92 0 0
92 0 0
92 0 0
92 0 0
92 0 0
92 0 0
92 0 0
92 0 0
92 0 0
92 0 0
92 0 0
92 0 0
92 0 0
92 0 0
92 0 0
92 0 0
92 0 0
92 0 0
92 0 0
92 0 0
92 0 0
92 0 0
92 0 0
92 0 0
92 0 0
92 0 0
92 0 0
92 0 0
93 0 0
93 0 0
93 0 0
93 0 0
93 0 0
93 0 0
93 0 0
93 0 0
93 0 0
93 0 0
93 0 0
93 0 0
93 0 0
93 0 0
93 0 0
93 0 0
93 0 0
93 0 0
93 0 0
93 0 0
93 0 0
93 0 0
93 0 0
93 0 0
93 0 0
93 0 0
93 0 0
93 0 0
93 0 0
93 0 0
93 0 0
93 0 0
93 0 0
93 0 0
93 0 0
93 0 0
93 0 0
93 0 0
93 0 0
93 0 0
93 0 0
93 0 0
93 0 0
93 0 0
93 0 0
93 0 0
93 0 0
93 0 0
93 0 0
93 0 0
93 0 0
93 0 0
93 0 0
93 0 0
93 0 0
93 0 0
93 0 0
93 0 0
93 0 0
93 0 0
93 0 0
93 0 0
93 0 0
93 0 0
93 0 0
93 0 0
93 0 0
93 0 0
93 0 0
93 0 0
93 0 0
93 0 0
93 0 0
93 0 0
93 0 0
93 0 0
93 0 0
93 0 0
93 0 0
93 0 0
93 0 0
93 0 0
93 0 0
93 0 0
93 0 0
93 0 0
93 0 0
93 0 0
93 0 0
93 0 0
93 0 0
93 0 0
93 0 0
93 0 0
93 0 0
93 0 0
93 0 0
93 0 0
93 0 0
93 0 0
93 0 0
93 0 0
93 0 0
93 0 0
93 0 0
94 0 0
94 0 0
94 0 0
94 0 0
94 0 0
94 0 0
94 0 0
94 0 0
94 0 0
94 0 0
94 0 0
94 0 0
94 0 0
94 0 0
94 0 0
94 0 0
94 0 0
94 0 0
94 0 0
94 0 0
94 0 0
94 0 0
94 0 0
94 0 0
94 0 0
94 0 0
94 0 0
94 0 0
94 0 0
94 0 0
94 0 0
94 0 0
94 0 0
94 0 0
94 0 0
94 0 0
94 0 0
94 0 0
94 0 0
94 0 0
94 0 0
94 0 0
94 0 0
94 0 0
94 0 0
94 0 0
94 0 0
94 0 0
94 0 0
94 0 0
94 0 0
94 0 0
94 0 0
94 0 0
94 0 0
94 0 0
94 0 0
94 0 0
94 0 0
94 0 0
94 0 0
94 0 0
94 0 0
94 0 0
94 0 0
94 0 0
94 0 0
94 0 0
94 0 0
94 0 0
94 0 0
94 0 0
94 0 0
94 0 0
94 0 0
94 0 0
94 0 0
94 0 0
94 0 0
94 0 0
94 0 0
94 0 0
94 0 0
94 0 0
94 0 0
94 0 0
94 0 0
94 0 0
94 0 0
94 0 0
94 0 0
94 0 0
94 0 0
94 0 0
94 0 0
94 0 0
94 0 0
94 0 0
94 0 0
94 0 0
94 0 0
94 0 0
94 0 0
94 0 0
94 0 0
-1 -1 -1
79
90
11
72
16
74
69
24
58
48
23
15
70
80
56
51
22
7
50
36
45
7
12
61
29
94
89
87
5
43
81
26
8
56
10
1
31
44
9
21
68
93
36
39
61
65
91
85
86
49
13
70
27
83
25
35
47
28
42
75
17
87
67
64
78
84
46
76
32
4
61
19
53
15
18
20
55
41
2
67
34
59
76
63
55
38
52
92
39
3
2
33
30
82
73
